,0,1,2,3,4,5,6,7,8,9,10,11,12,13,14,15,16,17,18,19,20,21,22,23,24,25,26,27,28,29,30,31,32,33,34,35,36,37,38,39,40,41,42,43,44,45,46,47,48,49,50,51,52,53,54,55,56,57,58,59,60,61,62,63,64,65,66,67,68,69,70,71,72,73,74,75,76,77,78,79,80,81,82,83,84,85,86,87,88,89,90,91,92,93,94,95,96,97,98,99,100,101,102,103,104,105,106,107,108,109,110,111,112,113,114,115,116,117,118,119,120,121,122,123,124,125,126,127,128,129,130,131,132,133,134,135,136,137,138,139,140,141,142,143,144,145,146,147,148,149,150,151,152,153,154,155,156,157,158,159,160,161,162,163,164,165,166,167,168,169,170,171,172,173,174,175,176,177,178,179,180,181,182,183,184,185,186,187,188,189,190,191,192,193,194,195,196,197,198,199,200,201,202,203,204,205,206,207,208,209,210,211,212,213,214,215,216,217,218,219,220,221,222,223,224,225,226,227,228,229,230,231,232,233,234,235,236,237,238,239,240,241,242,243,244,245,246,247,248,249,250,251,252,253,254,255,256,257,258,259,260,261,262,263,264,265,266,267,268,269,270,271,272,273,274,275,276,277,278,279,280,281,282,283,284,285,286,287,288,289,290,291,292,293,294,295,296,297,298,299,300,301,302,303,304,305,306,307,308,309,310,311,312,313,314,315,316,317,318,319,320,321,322,323,324,325,326,327,328,329,330,331,332,333,334,335,336,337,338,339,340,341,342,343,344,345,346,347,348,349,350,351,352,353,354,355,356,357,358,359,360,361,362,363,364,365,366,367,368,369,370,371,372,373,374,375,376,377,378,379,380,381,382,383,384,385,386,387,388,389,390,391,392,393,394,395,396,397,398,399,400,401,402,403,404,405,406,407,408,409,410,411,412,413,414,415,416,417,418,419,420,421,422,423,424,425,426,427,428,429,430,431,432,433,434,435,436,437,438,439,440,441,442,443,444,445,446,447,448,449,450,451,452,453,454,455,456,457,458,459,460,461,462,463,464,465,466,467,468,469,470,471,472,473,474,475,476,477,478,479,480,481,482,483,484,485,486,487,488,489,490,491,492,493,494,495,496,497,498,499,500,501,502,503,504,505,506,507,508,509,510,511,512,513,514,515,516,517,518,519,520,521,522,523,524,525,526,527,528,529,530,531,532,533,534,535,536,537,538,539,540,541,542,543,544,545,546,547,548,549,550,551,552,553,554,555,556,557,558,559,560,561,562,563,564,565,566,567,568,569,570,571,572,573,574,575,576,577,578,579,580,581,582,583,584,585,586,587,588,589,590,591,592,593,594,595,596,597,598,599,600,601,602,603,604,605,606,607,608,609,610,611,612,613,614,615,616,617,618,619,620,621,622,623,624,625,626,627,628,629,630,631,632,633,634,635,636,637,638,639,640,641,642,643,644,645,646,647,648,649,650,651,652,653,654,655,656,657,658,659,660,661,662,663,664,665,666,667,668,669,670,671,672,673,674,675,676,677,678,679,680,681,682,683,684,685,686,687,688,689,690,691,692,693,694,695,696,697,698,699,700,701,702,703,704,705,706,707,708,709,710,711,712,713,714,715,716,717,718,719,720,721,722,723,724,725,726,727,728,729,730,731,732,733,734,735,736,737,738,739,740,741,742,743,744,745,746,747,748,749,750,751,752,753,754,755,756,757,758,759,760,761,762,763,764,765,766,767,768,769,770,771,772,773,774,775,776,777,778,779,780,781,782,783
0,0.39083067,0.8365732,0.4474941,0.8706332,0.48369187,0.50369525,0.69819385,0.7622818,0.6811461,0.21978593,0.89357007,0.6884255,0.518429,0.74102634,0.4702303,0.43654442,0.5406167,0.21451208,0.5086833,0.77076614,0.7098754,0.44635165,0.6070749,0.43820518,0.40087816,0.27737945,0.41780332,0.79353535,0.8287594,0.47541195,0.7411904,0.13262491,0.63298184,0.7044089,0.63007885,0.2887833,0.68972933,0.21636061,0.37863094,0.688947,0.54876894,0.5272163,0.63309133,0.52954566,0.3567115,0.5011686,0.2582362,0.53892505,0.62301993,0.5057584,0.75019765,0.37931442,0.8209752,0.75937766,0.7285753,0.71103173,0.835205,0.800635,0.25713524,0.34391865,0.91660625,0.70191646,0.8376221,0.63410956,0.48288986,0.2582774,0.8634719,0.47527534,0.86508435,0.7575977,0.70139545,0.43807963,0.6635301,0.4519467,0.46169275,0.734226,0.5744543,0.57083225,0.32204258,0.6136985,0.073048614,0.3673125,0.46557838,0.4088194,0.3103773,0.56635946,0.21412602,0.4413102,0.8575317,0.6787632,0.34785217,0.3854777,0.27947643,0.8354212,0.29275155,0.34318867,0.71082574,0.74737304,0.7549729,0.7090314,0.49860433,0.36484143,0.72601557,0.57203805,0.47069344,0.5259456,0.80050147,0.50579244,0.7144402,0.8943307,0.76547056,0.6729115,0.6006404,0.46480164,0.5918975,0.8688107,0.73863965,0.78181976,0.20480976,0.5581066,0.5599801,0.6366497,0.67691654,0.44882223,0.1478439,0.6206922,0.18462788,0.8841703,0.39261281,0.7341846,0.5428669,0.881676,0.84953403,0.6037379,0.48462367,0.75946224,0.77549905,0.5419188,0.6998452,0.7195508,0.7225052,0.73451227,0.89179754,0.78663933,0.49224177,0.40734047,0.61082536,0.38582033,0.38816416,0.76299417,0.56371915,0.22348876,0.31437817,0.6131937,0.022008872,0.28038588,0.76458794,0.6517201,0.7999608,0.67815447,0.7081926,0.5073927,0.6636046,0.5898078,0.83982426,0.42902634,0.6769595,0.7232011,0.53649116,0.87508017,0.56735516,0.44380355,0.21853139,0.45668086,0.61021894,0.49624988,0.47140962,0.79748696,0.5679986,0.6091298,0.79738134,0.83891726,0.21889788,0.547202,0.27302513,0.6630922,0.43523172,0.60898346,0.5940318,0.5319676,0.75811136,0.5270678,0.8809132,0.2471592,0.83175397,0.4483794,0.65080833,0.81127024,0.26207674,0.7058546,0.4325424,0.508109,0.7873389,0.5423871,0.7958031,0.49190468,0.29901788,0.1289039,0.4577947,0.705252,0.847897,0.8593988,0.5231248,0.8200779,0.80020833,0.4947029,0.30819204,0.7716075,0.6238252,0.91147816,0.34350637,0.4215252,0.36966446,0.24452448,0.4810108,0.58986187,0.841672,0.38480636,0.73655695,0.23635954,0.4061751,0.35033834,0.23954412,0.65190154,0.20086022,0.35154337,0.47034243,0.25882086,0.8809158,0.88098234,0.9208528,0.30592883,0.8035794,0.77384007,0.30618048,0.6916728,0.60021514,0.9071634,0.18616466,0.4600779,0.72569305,0.1445202,0.63994825,0.42360297,0.18669906,0.74652284,0.8133224,0.76969206,0.49060634,0.91895217,0.19185114,0.5346493,0.41555226,0.5282524,0.298418,0.6624956,0.5153202,0.15694673,0.58868986,0.031534538,0.915469,0.60865015,0.35121372,0.6148529,0.45863298,0.7969754,0.80627847,0.6486766,0.6621313,0.5678513,0.8605575,0.7992761,0.5643275,0.35944554,0.60225743,0.3101049,0.5970928,0.37207514,0.6930682,0.95609266,0.3506826,0.59963286,0.43765602,0.8157785,0.8009114,0.4891182,0.75936264,0.5413098,0.47807375,0.5796355,0.49095166,0.64993066,0.49965465,0.5894373,0.3965592,0.72788954,0.510696,0.501881,0.4315127,0.83044267,0.6472193,0.6178052,0.92812127,0.87694913,0.4418832,0.7134322,0.5967228,0.67876285,0.72934395,0.31937158,0.6078,0.47484437,0.6765315,0.78810525,0.50140905,0.6270584,0.1688585,0.4592299,0.73898804,0.39401206,0.68759185,0.29585207,0.79004884,0.72851944,0.10487729,0.27921766,0.7877097,0.66612005,0.31767905,0.35030213,0.77153355,0.43410838,0.85082,0.6309246,0.8242536,0.6464854,0.4622499,0.7575296,0.8459387,0.31839705,0.63764507,0.41211745,0.83093363,0.48429212,0.2700628,0.6719112,0.35038623,0.7863878,0.8645888,0.4652212,0.48819768,0.49960607,0.45312014,0.4424854,0.7447496,0.38866448,0.9153023,0.53071874,0.4363504,0.23919815,0.7778743,0.4905248,0.33879697,0.89711016,0.5274611,0.52632606,0.26063597,0.77212864,0.74207586,0.59559745,0.47798347,0.19902745,0.43916416,0.5799784,0.64176804,0.34201586,0.36904478,0.67124856,0.18758193,0.42500475,0.8169459,0.70127547,0.34753075,0.7214833,0.526307,0.6090519,0.7305481,0.33026925,0.81919295,0.6726777,0.42265198,0.73851246,0.6574711,0.38708422,0.7097737,0.8816147,0.25368148,0.5755647,0.6716691,0.752704,0.39929968,0.28767276,0.7044679,0.8335973,0.6173982,0.735755,0.39991158,0.58823866,0.39213535,0.6345071,0.7767274,0.5470234,0.6583554,0.7268803,0.77623636,0.9819665,0.45037404,0.47016427,0.74119955,0.09144971,0.6511825,0.67070156,0.83716816,0.09648262,0.39123684,0.42309704,0.80693007,0.16981693,0.35456362,0.23020314,0.7220885,0.45819417,0.53828484,0.66775364,0.66271734,0.32982558,0.64900976,0.53803957,0.5221824,0.82367957,0.1871107,0.678219,0.82202107,0.8817895,0.315654,0.9180559,0.22110146,0.48582652,0.72225636,0.38988823,0.2373232,0.6012247,0.80781364,0.798248,0.660103,0.7541727,0.5157651,0.5291116,0.14326197,0.7785296,0.74517006,0.7570667,0.32503006,0.41712213,0.1945783,0.6813899,0.28796288,0.6548062,0.85562736,0.6747785,0.66232747,0.339875,0.30835184,0.43648845,0.75512254,0.4491486,0.51816326,0.24062619,0.5461473,0.33143225,0.8438411,0.246269,0.8499132,0.37414113,0.33774877,0.84820014,0.7106948,0.6384974,0.794556,0.40807498,0.36264107,0.6589202,0.88470805,0.71932954,0.7071333,0.65136456,0.7171919,0.5857742,0.5816,0.50081056,0.13200514,0.43173733,0.29206383,0.6950292,0.454032,0.73884505,0.29263258,0.6063618,0.47698438,0.6967291,0.50459945,0.11909768,0.70725214,0.16812377,0.81703925,0.1800806,0.5929085,0.84906304,0.83135766,0.5874476,0.5731931,0.72373325,0.8109007,0.37509057,0.5412156,0.8258173,0.83189994,0.8024598,0.42774308,0.91438615,0.62266314,0.56873095,0.49824604,0.76280314,0.26552677,0.25195223,0.26418927,0.5224173,0.51101434,0.17638522,0.55311716,0.6250455,0.54905957,0.48306915,0.5173863,0.6454893,0.53606576,0.55696106,0.4807983,0.44793344,0.6029788,0.71754897,0.9033019,0.46338665,0.17286885,0.22667275,0.58504075,0.8434817,0.6743328,0.619116,0.36888522,0.2693218,0.30092108,0.47801197,0.22314975,0.3930869,0.6431918,0.28596523,0.34568086,0.8431141,0.8141211,0.75193304,0.89523387,0.1388145,0.94607747,0.74859494,0.8648615,0.45532256,0.6474577,0.6707509,0.08779003,0.5570996,0.79476154,0.8265236,0.4417205,0.775678,0.44145828,0.84190917,0.6303148,0.462113,0.7648311,0.89821357,0.8504946,0.34807694,0.29743496,0.78548974,0.339116,0.5771978,0.22404277,0.11121081,0.7595675,0.71191645,0.5360745,0.8656636,0.2836757,0.54441786,0.86782867,0.47081733,0.7760842,0.2850657,0.2708998,0.38735098,0.70395726,0.6287323,0.7532193,0.19262278,0.07620382,0.76735413,0.9149365,0.54425913,0.11861,0.5417785,0.5347852,0.8761334,0.71174926,0.5055321,0.48417965,0.8880368,0.8260609,0.37394148,0.50800276,0.5496323,0.68771094,0.62026334,0.7907616,0.47849223,0.83928055,0.5545101,0.846232,0.51892835,0.21148995,0.7412687,0.3760031,0.4818405,0.29400524,0.57354975,0.9451438,0.5768198,0.24563661,0.8241305,0.6695875,0.7518,0.61687344,0.78136075,0.2829441,0.8331747,0.6673467,0.51079035,0.6484967,0.8811492,0.28159547,0.520048,0.8814778,0.82714456,0.86345065,0.40364477,0.5252958,0.84368336,0.4343767,0.7265205,0.25334185,0.42234066,0.3824806,0.6249665,0.7284541,0.52057916,0.5763301,0.77664477,0.859463,0.7409413,0.18342341,0.6162167,0.5438212,0.32624274,0.8010384,0.6466977,0.28099623,0.6981421,0.11855389,0.44003236,0.58097804,0.29184723,0.3025374,0.5197694,0.5743335,0.8631534,0.5704844,0.51061314,0.5079043,0.9278779,0.9487126,0.70523316,0.4185601,0.73341984,0.8258781,0.32671952,0.6526846,0.35812584,0.74229556,0.5119942,0.101891816,0.38233122,0.3073927,0.3866611,0.5819896,0.9274406,0.4967911,0.6825167,0.768459,0.5236091,0.5404134,0.60450155,0.32824683,0.9223308,0.3170269,0.8480304,0.59944695,0.6304256,0.9568574,0.9494197,0.31777278,0.50197715,0.48984635,0.11014505,0.18598433,0.17175706,0.36742583,0.30465356,0.5804792,0.12315899,0.71687543,0.4829202,0.67197496,0.83664453,0.65279776,0.71598125,0.45045474,0.17626661,0.66099435,0.82877535,0.65799373,0.5934678,0.79143715,0.2166848,0.88800627,0.6341259,0.46888217,0.31553355,0.641652,0.4736833,0.38666224,0.7063649,0.44699138,0.49368468,0.5373742,0.83723795,0.8520835,0.8354235,0.23168376,0.5649632,0.6529161,0.42792332,0.9393857,0.3970746
1,0.52811885,0.6756076,0.5887192,0.5325061,0.38256705,0.29516295,0.7021543,0.6455233,0.6241034,0.57876307,0.6887192,0.27793884,0.5684539,0.82925564,0.6096421,0.4354916,0.5087301,0.34933442,0.72871894,0.8301328,0.5973236,0.41045997,0.30343753,0.42571747,0.51369035,0.61192775,0.86364573,0.41249764,0.58942455,0.7697476,0.8463383,0.35044524,0.54466385,0.666026,0.6877378,0.8691056,0.46510652,0.17699619,0.582656,0.6461688,0.64295846,0.43604925,0.30224526,0.57245195,0.4096126,0.42097157,0.22003147,0.3724113,0.6783371,0.5816902,0.6411971,0.5466122,0.6145694,0.6867902,0.11950461,0.87170154,0.8092991,0.56089485,0.89015216,0.87536335,0.34053123,0.55776024,0.8089377,0.26240748,0.6427519,0.47286767,0.54079235,0.7252176,0.1878147,0.51879466,0.63439703,0.47816667,0.45154035,0.5165608,0.18940206,0.69831467,0.4129379,0.44607425,0.6405234,0.4557023,0.4349393,0.6931551,0.5134195,0.47805592,0.3075562,0.6565162,0.1868423,0.3517237,0.8662897,0.80973005,0.42466894,0.4002708,0.45856768,0.86985314,0.434427,0.5696086,0.8386278,0.6158358,0.81714666,0.39220667,0.45764524,0.50485206,0.6507364,0.6520941,0.82064617,0.59810036,0.3528551,0.63567,0.66783386,0.25715664,0.70369816,0.689496,0.19855617,0.28705776,0.45730454,0.65064955,0.72653973,0.53698325,0.5392394,0.7479967,0.36293995,0.9266742,0.5446259,0.39298332,0.46201017,0.5095475,0.5364617,0.4958547,0.32575837,0.1708052,0.79641694,0.7881217,0.6556207,0.46148762,0.48639706,0.55254436,0.82533133,0.38901186,0.85182506,0.2896526,0.3180007,0.6761084,0.42812717,0.45674855,0.6442218,0.64245284,0.28413743,0.7300313,0.20919117,0.3391891,0.38127595,0.74968153,0.7073131,0.5976961,0.81457174,0.49790797,0.42132133,0.51649475,0.5632781,0.47928154,0.61830026,0.7314557,0.44604227,0.5208693,0.7104804,0.41175827,0.48217407,0.6506391,0.36229637,0.6326378,0.25965908,0.26447725,0.72553754,0.38763767,0.48528627,0.7378831,0.42102736,0.65341294,0.66914546,0.44907618,0.74630344,0.6113782,0.70420855,0.6722162,0.5058407,0.44113523,0.8641587,0.6094679,0.48831266,0.4615803,0.51879674,0.49974263,0.7686661,0.84769034,0.7616143,0.63927466,0.873674,0.51459974,0.73989195,0.6054902,0.55173326,0.7361552,0.5803299,0.5809955,0.24228463,0.61204356,0.6582213,0.86225456,0.36980665,0.50037634,0.24285741,0.4829245,0.44791636,0.45775074,0.56849515,0.38233227,0.43058488,0.2650259,0.8858438,0.8703524,0.42004997,0.5578694,0.34843785,0.7140308,0.76423717,0.68352073,0.6325425,0.39368743,0.59148455,0.4871387,0.6798831,0.83961934,0.37779367,0.6809708,0.27089906,0.68041843,0.64478785,0.6991052,0.32315174,0.51191944,0.57027537,0.69645756,0.37554646,0.40917307,0.48714978,0.8159662,0.7889515,0.37973484,0.4146166,0.6787477,0.52708346,0.34039664,0.33815587,0.39676863,0.7303205,0.59799176,0.6493601,0.8479128,0.46332616,0.4177632,0.5818471,0.36871874,0.6907913,0.24684711,0.6443978,0.42438853,0.6192647,0.7669609,0.4392899,0.44980088,0.7629836,0.6493529,0.44338593,0.65149945,0.25790226,0.7561203,0.41462618,0.6682725,0.89274347,0.19698583,0.7393909,0.42684722,0.15687284,0.7750808,0.52347326,0.85404444,0.44765702,0.8501973,0.7506497,0.5512761,0.4696547,0.21986593,0.66410094,0.5552191,0.6370427,0.44333848,0.62179524,0.63291603,0.2530714,0.21327315,0.50479853,0.2444583,0.72051257,0.410366,0.7052372,0.6302161,0.35452384,0.7833505,0.41043997,0.7248613,0.5553523,0.44746038,0.92681056,0.8502151,0.21191269,0.37617305,0.5099222,0.802484,0.33585644,0.35741758,0.83031785,0.4094655,0.40938398,0.5642877,0.50487304,0.57389945,0.28489652,0.3939878,0.5944599,0.6792531,0.7627616,0.57662475,0.7554957,0.32650158,0.75720805,0.26755217,0.655995,0.39936426,0.6611555,0.6056962,0.27956697,0.47134107,0.4099376,0.44754663,0.2841067,0.23584573,0.81536984,0.25713515,0.6472257,0.63216853,0.35879865,0.6101748,0.6590345,0.2978736,0.63239855,0.6128071,0.69133204,0.65118,0.6511317,0.6414131,0.5927494,0.65884185,0.83337563,0.72453636,0.798131,0.65030026,0.62357366,0.8412486,0.35696313,0.5613443,0.8865287,0.8784361,0.83189124,0.19592181,0.3717421,0.31847772,0.34991413,0.5322333,0.8348039,0.5025717,0.6805032,0.42721182,0.52222335,0.20055524,0.621989,0.41840455,0.14995944,0.4044511,0.46771047,0.431249,0.42185095,0.5632351,0.7201879,0.37170622,0.22263235,0.6557204,0.5063508,0.8037255,0.67796594,0.44241607,0.7421372,0.26330638,0.90257114,0.6821554,0.59731007,0.5455667,0.82315487,0.3548927,0.74078906,0.34206924,0.39714226,0.5236183,0.65110755,0.30478507,0.3888363,0.26570567,0.33682647,0.71167964,0.61226016,0.92500126,0.7852401,0.62817055,0.66208965,0.67931575,0.532261,0.30097762,0.49830744,0.5955194,0.44060537,0.88896555,0.08134614,0.24293585,0.66122556,0.6171668,0.9002528,0.617208,0.8913626,0.6114145,0.5616604,0.20843199,0.35712892,0.80818826,0.54237676,0.47906488,0.70412326,0.5030867,0.23895879,0.50153846,0.59280133,0.43431678,0.7832555,0.6741618,0.7637845,0.49790293,0.6555471,0.34236443,0.32405293,0.38225266,0.706203,0.3065512,0.3242196,0.40787846,0.4066063,0.83606714,0.6296712,0.7514917,0.40148953,0.66977054,0.7417918,0.6739101,0.54328203,0.69428504,0.8308475,0.3019593,0.5736486,0.42723304,0.5916216,0.8536987,0.5036486,0.5454903,0.6952934,0.4616841,0.650709,0.74469054,0.6412039,0.6888195,0.30250207,0.3450413,0.43018705,0.8313648,0.46696314,0.36452642,0.31289247,0.7863792,0.31102204,0.49382785,0.39114222,0.50332224,0.59590197,0.6771597,0.32635695,0.5381242,0.63957995,0.27667394,0.58324033,0.73896706,0.6697194,0.6940577,0.29574615,0.36156783,0.4510086,0.580882,0.5648259,0.7090633,0.77816206,0.622944,0.78498876,0.8310471,0.62049305,0.12013481,0.4971819,0.55341274,0.3993581,0.804327,0.72845864,0.23791409,0.43526065,0.21178365,0.49792024,0.27442458,0.79609084,0.8368779,0.7870917,0.71356195,0.50710696,0.589921,0.79524493,0.7202284,0.6512178,0.7501586,0.57501024,0.45771036,0.3976651,0.1472333,0.53193086,0.29528522,0.3218188,0.67907655,0.6248129,0.26475835,0.41800216,0.3125263,0.6721449,0.47145584,0.90538836,0.7540762,0.56285846,0.29502484,0.26163003,0.67154664,0.67951536,0.335171,0.81653184,0.73976475,0.37986392,0.8080746,0.74787265,0.64551836,0.7594354,0.09749184,0.6130722,0.5133534,0.21741806,0.29386938,0.6502333,0.20056038,0.809808,0.33365792,0.46573773,0.42667234,0.5156004,0.36708888,0.6577781,0.44248793,0.7536619,0.7428447,0.61631733,0.78760564,0.45482892,0.64810115,0.555178,0.36302352,0.6008332,0.3770097,0.72242147,0.6350606,0.56353855,0.6417336,0.2539043,0.6925837,0.7854169,0.56093335,0.23438814,0.71222156,0.8062641,0.74197125,0.5105825,0.35594362,0.6560983,0.88791525,0.78101784,0.45793393,0.64219064,0.30951574,0.5895226,0.7556968,0.61894685,0.6467783,0.69326377,0.7905939,0.67595756,0.6383356,0.8583565,0.45258346,0.60189813,0.5084227,0.7142374,0.57633865,0.37851408,0.7084984,0.45593557,0.6199421,0.18969424,0.4393223,0.32297084,0.4857109,0.79313296,0.613457,0.4990479,0.70009416,0.26872325,0.46822068,0.6509763,0.30941358,0.8014184,0.38409144,0.34298608,0.6700801,0.56541175,0.74820405,0.82451797,0.8579309,0.73375744,0.52964157,0.33521736,0.47582877,0.5742574,0.55001414,0.26318115,0.7568573,0.37238976,0.2717372,0.619625,0.3363253,0.61399436,0.55325615,0.52257836,0.49339855,0.37348908,0.34901705,0.6415653,0.34287497,0.7360837,0.51534003,0.4837867,0.43411693,0.70286995,0.6860709,0.6456359,0.5627723,0.3062897,0.84113836,0.34419215,0.56002957,0.3506877,0.3639404,0.51386154,0.8910598,0.80903506,0.6294709,0.7342587,0.680803,0.3687721,0.71441454,0.50391805,0.6796296,0.5938801,0.53667,0.55455494,0.50739384,0.55306065,0.402893,0.27086663,0.7398292,0.5142664,0.70833015,0.74468476,0.7734832,0.8688798,0.42905807,0.6949143,0.8258591,0.6417888,0.69254524,0.42890307,0.51745987,0.30923435,0.4835631,0.31729987,0.51650673,0.7906252,0.3318625,0.50585514,0.42439446,0.41176224,0.7322166,0.56008786,0.52814925,0.7583943,0.736159,0.3810981,0.42323643,0.6512774,0.4089317,0.76888347,0.46390486,0.7956817,0.34087566,0.26128748,0.71457344,0.67902017,0.46066204,0.3979353,0.60828155,0.7564531,0.8628286,0.5890833,0.3642128,0.559971,0.7176785,0.30516455,0.7961219,0.36142096,0.5279904,0.5916938,0.64777684,0.6572204,0.7983647,0.36400345,0.29377112,0.9008756,0.86547536,0.60299313,0.37678608,0.8617517,0.53145254,0.5353074,0.45553938,0.7063926,0.81095964,0.13389868,0.4895917,0.41127884,0.7441607,0.45757484,0.73454887,0.4363105,0.69127893,0.4592236,0.6218778,0.36494523,0.2552107,0.9358487,0.48385015
2,0.7390387,0.6247178,0.6862718,0.40043756,0.5426029,0.61041325,0.46388876,0.8366451,0.39528504,0.678514,0.3025357,0.4339257,0.4353018,0.7336651,0.65379924,0.347026,0.33296236,0.4344043,0.26143345,0.29135033,0.5727911,0.37477392,0.8282673,0.5877791,0.8128396,0.76073325,0.4137942,0.7278268,0.41914564,0.47791824,0.5859183,0.72067726,0.3770703,0.44980177,0.5972204,0.23738945,0.70113117,0.8219294,0.5752042,0.5693953,0.7737449,0.56121355,0.8014189,0.7544788,0.5739284,0.76100814,0.7166686,0.64504164,0.63117456,0.83968806,0.43337306,0.74214464,0.35156924,0.28245467,0.8116961,0.20254394,0.23662463,0.7481028,0.6061885,0.5086683,0.43130457,0.4034225,0.5392035,0.6067988,0.40595528,0.71238214,0.6663002,0.71034425,0.69769067,0.7418884,0.76711136,0.29479647,0.50317526,0.492658,0.48037565,0.78391105,0.48758522,0.81154037,0.78701484,0.4995254,0.4892467,0.7334708,0.48033473,0.53120786,0.7275534,0.56536764,0.49396333,0.63855433,0.4548004,0.5580198,0.65326107,0.39968157,0.28654176,0.6112934,0.2857569,0.5562921,0.51442486,0.37025744,0.7803388,0.87542665,0.60678506,0.48218876,0.7810356,0.40221754,0.66094834,0.76883733,0.49428427,0.533646,0.6966133,0.5365352,0.33070862,0.7032939,0.6505843,0.7285308,0.44608918,0.6558734,0.47288316,0.28301775,0.8520947,0.88954246,0.79930663,0.059500303,0.33307335,0.36997998,0.346384,0.3777424,0.57439154,0.5682209,0.66838217,0.3509478,0.58405197,0.3042792,0.5116653,0.8741086,0.59424275,0.41766506,0.53857726,0.71432024,0.54852647,0.5091636,0.4633158,0.36062378,0.3599775,0.4060405,0.68647146,0.5656622,0.3309998,0.6242707,0.23948659,0.8880149,0.6621267,0.82822424,0.7731854,0.73343784,0.7896614,0.34956908,0.54997563,0.091036655,0.5832786,0.62870914,0.42626488,0.60772336,0.73746604,0.35227668,0.823635,0.3927165,0.8043959,0.63095105,0.53681093,0.7139002,0.7438453,0.3434421,0.71642447,0.49881822,0.5728653,0.5992984,0.49177504,0.8091706,0.43337432,0.58344746,0.69147915,0.41919884,0.7339804,0.64330804,0.8123059,0.4488069,0.60750276,0.46870157,0.54465127,0.6415625,0.2766366,0.6507115,0.44083923,0.27918613,0.5361244,0.20340288,0.7126034,0.7302206,0.22365867,0.578901,0.6480185,0.69672775,0.39030054,0.92926645,0.516982,0.62037015,0.7589859,0.71046466,0.1690764,0.58598703,0.8456579,0.10267418,0.28612402,0.2841254,0.18387255,0.3759389,0.43483904,0.22099902,0.77488005,0.30240652,0.5710836,0.88637155,0.18386956,0.8552028,0.3386352,0.63441914,0.6094601,0.7181937,0.21774334,0.4227621,0.7046147,0.7175677,0.84330136,0.31430724,0.87158704,0.5818724,0.3363974,0.7150536,0.5752043,0.7037295,0.3456185,0.16757746,0.6249691,0.43565878,0.8016306,0.34339106,0.546308,0.4242215,0.38914937,0.60784775,0.56489,0.6817508,0.6580603,0.8022235,0.6347432,0.30838862,0.68410087,0.37891287,0.5847972,0.7951256,0.4157694,0.6967036,0.18748923,0.81168354,0.78806704,0.56612766,0.74093354,0.36795,0.60884696,0.33631048,0.4086015,0.71903855,0.3549274,0.26108295,0.6253172,0.6440433,0.22865811,0.5984424,0.18294674,0.48665264,0.33863756,0.46111318,0.5700476,0.6248247,0.7703803,0.44071633,0.8580989,0.8195488,0.6778584,0.67565626,0.5484894,0.22449063,0.3586354,0.33616474,0.7840055,0.636661,0.68794507,0.5349796,0.6418256,0.7282061,0.36850533,0.43415818,0.42876497,0.76736075,0.4147345,0.28514132,0.7628056,0.11700765,0.8866602,0.597654,0.77281106,0.78440326,0.22031634,0.2635825,0.67931026,0.74442893,0.70465773,0.3063695,0.37059566,0.78077364,0.38199064,0.63192475,0.53660494,0.20939027,0.71482474,0.722854,0.41100714,0.3642216,0.52659285,0.4289546,0.5791142,0.5848679,0.46691626,0.58019763,0.4652445,0.69946617,0.67610925,0.6130643,0.4798734,0.89661413,0.5238113,0.2610819,0.6147344,0.5855017,0.6891028,0.41007888,0.7829226,0.38638946,0.26814964,0.8080894,0.6669949,0.31836027,0.49687338,0.242647,0.71810967,0.82854164,0.49364004,0.20129885,0.60461706,0.27336255,0.38641232,0.60286504,0.7830548,0.78124386,0.7281457,0.5916611,0.58921295,0.6583055,0.46923116,0.6350368,0.43258658,0.49520335,0.6569316,0.32081363,0.7729259,0.6633016,0.48166066,0.33194003,0.51703364,0.60468924,0.41361937,0.5580367,0.29292306,0.45388815,0.8043336,0.5341598,0.7006467,0.599452,0.63204974,0.3811405,0.6578977,0.58681506,0.5457066,0.75351006,0.7916863,0.55284095,0.71769226,0.13837574,0.7376932,0.7380102,0.42822725,0.5708881,0.63482547,0.59735197,0.6751499,0.5283228,0.3370249,0.7343357,0.4897357,0.63493687,0.31347743,0.76036394,0.32163927,0.6497803,0.8273486,0.4876322,0.49366364,0.7982307,0.5796941,0.38913694,0.7093342,0.6601596,0.3858804,0.4743694,0.72178006,0.51238936,0.25074723,0.8133687,0.2890716,0.44630557,0.29487163,0.51801527,0.5458439,0.757672,0.7455084,0.25131327,0.3984404,0.5608836,0.6913972,0.35208043,0.29038197,0.31930885,0.70297396,0.7768271,0.5056501,0.63290375,0.5120597,0.50261873,0.4559661,0.5175188,0.35507295,0.65338564,0.61249876,0.5859281,0.3897015,0.46253526,0.40112966,0.37557766,0.45894542,0.26887503,0.2514231,0.39525643,0.8720871,0.485494,0.5676222,0.60898536,0.47856987,0.45567867,0.76610786,0.6012385,0.25661308,0.6115326,0.854268,0.6085758,0.7243812,0.620187,0.6510728,0.68530226,0.6938216,0.4918247,0.44459412,0.26121882,0.5998897,0.49812582,0.31117672,0.3696513,0.48739153,0.83216554,0.61130667,0.6321169,0.24971327,0.4779592,0.24295904,0.59571135,0.702041,0.66676754,0.75845426,0.58707976,0.50302476,0.76199853,0.5618816,0.6439984,0.7523693,0.51915413,0.72823024,0.48307717,0.59223187,0.5384646,0.65535814,0.75583607,0.8285266,0.72405,0.7733091,0.30502868,0.5825912,0.52058095,0.27217153,0.48029602,0.6413964,0.8454559,0.7473122,0.43377683,0.6304933,0.6763839,0.5718333,0.66945535,0.35686275,0.5708265,0.42446807,0.35755068,0.44827324,0.40391007,0.6191592,0.679345,0.7131439,0.4587589,0.2620496,0.4398618,0.6500847,0.32154447,0.533062,0.6080623,0.45243704,0.6424276,0.62117565,0.52666205,0.6830858,0.63982886,0.70449066,0.58926684,0.7527989,0.5554436,0.22754593,0.8181936,0.39295992,0.6590312,0.431164,0.69644094,0.70372427,0.47533062,0.7921386,0.6756196,0.4987327,0.45771804,0.7979912,0.6097515,0.4563537,0.43636656,0.47052807,0.6985076,0.53895175,0.3598175,0.3364344,0.7996309,0.83237636,0.3771979,0.84592223,0.41810343,0.48102757,0.39519343,0.561926,0.10643935,0.46802956,0.5231678,0.6967466,0.42529437,0.47189736,0.5114481,0.49027264,0.6328146,0.6622788,0.75865453,0.5693661,0.8002444,0.7587636,0.456556,0.54314953,0.29332307,0.47611773,0.4675378,0.18613832,0.56999433,0.61368185,0.5201776,0.25504142,0.44163063,0.26444316,0.47147793,0.5808771,0.25768772,0.6914322,0.6387602,0.85074824,0.69215345,0.63541913,0.52631974,0.5317096,0.5176627,0.27587736,0.7864471,0.5938109,0.7000177,0.6626983,0.45891252,0.58182275,0.28163174,0.4880515,0.92191774,0.45518333,0.78970927,0.5146368,0.608086,0.19520104,0.708351,0.3573529,0.78545797,0.8272943,0.70614374,0.16910946,0.50957227,0.4651347,0.76927286,0.88546914,0.6344533,0.54987955,0.40236938,0.5885101,0.7611779,0.63039184,0.5864779,0.6547838,0.54509324,0.42177945,0.712016,0.42657822,0.28447965,0.50796366,0.5032825,0.8440115,0.44878834,0.62159383,0.5545533,0.5356712,0.4944406,0.58458215,0.40748942,0.55023104,0.63669395,0.6738264,0.3102345,0.7525333,0.23482037,0.81702435,0.31131083,0.30424514,0.43938962,0.8055026,0.6934625,0.5729092,0.6242388,0.5821215,0.24268717,0.29504555,0.4850656,0.5537206,0.48436287,0.34908742,0.68768066,0.56091356,0.60084033,0.37805057,0.23357815,0.6344101,0.74780214,0.6975307,0.57602817,0.8861014,0.7367145,0.67750216,0.44951212,0.17491852,0.560363,0.83925116,0.76514184,0.59461385,0.34769452,0.28609765,0.40551618,0.45220065,0.58471096,0.5244552,0.34385318,0.76939774,0.5643122,0.62750614,0.8120805,0.60566306,0.42456356,0.6261929,0.6423499,0.62733763,0.46768126,0.64684916,0.7636026,0.8637837,0.4495766,0.5908164,0.571512,0.6297311,0.51252484,0.8791694,0.7579874,0.2526892,0.12952654,0.6435186,0.8405089,0.30128595,0.74305344,0.4171895,0.6193181,0.32356343,0.5061632,0.5690953,0.5061791,0.6997664,0.2405542,0.7581794,0.6522216,0.5268614,0.39832923,0.61045617,0.9026642,0.25750753,0.32100925,0.60499614,0.5079424,0.5214672,0.54749453,0.5649071,0.48629782,0.54665744,0.5436374,0.47361997,0.2642053,0.13631469,0.52353233,0.35140753,0.41988203,0.4466672,0.7138087,0.54487294,0.48157108,0.5706928,0.5984369,0.83424145,0.66349983,0.6170586,0.6725798,0.48708043,0.5873148,0.8707498,0.6559758,0.64014125,0.738341
3,0.42182907,0.42392766,0.16534008,0.36266503,0.96624523,0.93102896,0.05735675,0.54964006,0.13168961,0.9484782,0.32804358,0.06773944,0.58015907,0.25182503,0.76595587,0.896997,0.46540037,0.75050426,0.6899944,0.5454402,0.08687593,0.7267195,0.8559777,0.56625444,0.8784703,0.32370225,0.14753783,0.5626476,0.5900118,0.7778371,0.9264058,0.7912585,0.66943324,0.6334576,0.5503392,0.098515995,0.7564981,0.58286905,0.46205682,0.42381313,0.55109525,0.35014492,0.74413717,0.8532746,0.8836765,0.49153748,0.30691755,0.69896024,0.6952345,0.22490062,0.25982845,0.77859265,0.16996981,0.30791202,0.31973222,0.28681672,0.44928378,0.36403087,0.29847935,0.6944521,0.36479798,0.602329,0.6015456,0.6621583,0.93288624,0.06265981,0.6203707,0.06695143,0.119954936,0.51460725,0.71101904,0.82035804,0.4887901,0.48980764,0.86952657,0.25357568,0.7556771,0.5609715,0.36224586,0.26874772,0.70975745,0.7130613,0.9576404,0.7448874,0.69170636,0.9089798,0.91577023,0.6945757,0.16840355,0.4474866,0.78773385,0.61030054,0.5935475,0.0806403,0.56472373,0.5993655,0.4854762,0.30414703,0.1778505,0.30498227,0.59826463,0.7925233,0.5602328,0.6203269,0.7477224,0.5348919,0.5854158,0.66595113,0.25089782,0.19446203,0.51080084,0.3677731,0.28973502,0.36852404,0.568394,0.2684342,0.30927357,0.36259186,0.4892744,0.84789026,0.6537691,0.7181197,0.6569113,0.79820323,0.549767,0.2830588,0.58474356,0.59499866,0.2459532,0.7294942,0.12822057,0.059809074,0.8519313,0.25501004,0.82378995,0.526098,0.7663175,0.5367412,0.6119636,0.5647324,0.56019324,0.54923147,0.71838963,0.69758666,0.22034757,0.27090877,0.71446747,0.3099712,0.47838897,0.3136903,0.2097538,0.7365468,0.47711766,0.4106824,0.66735065,0.59758747,0.38408074,0.36790293,0.6372511,0.71276385,0.37368065,0.5651373,0.77272993,0.73039204,0.35194507,0.58918893,0.7930284,0.6742475,0.5646326,0.16840129,0.47397047,0.36512297,0.76869786,0.6627023,0.24060526,0.34741148,0.19938584,0.77419114,0.30380875,0.27738386,0.39489016,0.31517556,0.59919167,0.7801801,0.78954756,0.28302848,0.6109143,0.8865141,0.4418481,0.627183,0.42522764,0.48063102,0.77374864,0.48624492,0.82339996,0.38305357,0.6603611,0.81995475,0.97309893,0.26615173,0.23868138,0.20544505,0.28903332,0.32997382,0.6048227,0.16405071,0.52498436,0.61023736,0.6425969,0.5206592,0.7801697,0.7850975,0.90321386,0.6352141,0.5908335,0.18794623,0.74161386,0.8045307,0.6370576,0.22982614,0.515467,0.36530185,0.7192414,0.57926786,0.2761488,0.77938414,0.60445225,0.7613778,0.2988887,0.2222365,0.43284768,0.7106447,0.6196838,0.7108341,0.7662001,0.5948191,0.10981896,0.6139732,0.7496057,0.38466898,0.27604398,0.45719218,0.77144784,0.7995551,0.77664346,0.2932137,0.40088084,0.55313826,0.6255169,0.24993666,0.47829035,0.48711136,0.48129982,0.3214407,0.47098604,0.4812385,0.6068946,0.51130474,0.32198778,0.3072785,0.4376672,0.82183796,0.7811787,0.34089717,0.24272138,0.71732485,0.22217189,0.25234795,0.37231347,0.39862794,0.39182228,0.5471018,0.91505057,0.21069124,0.7067416,0.46902847,0.94461155,0.44980732,0.5725819,0.7534623,0.7271739,0.62039375,0.86161655,0.7633409,0.4852559,0.36627048,0.40252098,0.21503425,0.44080615,0.15479237,0.42988658,0.11086612,0.4153964,0.357979,0.32207456,0.71557367,0.46176696,0.6922078,0.44544223,0.4645712,0.9317992,0.5896561,0.17891088,0.85982424,0.2609118,0.67091405,0.8642603,0.5687472,0.7242429,0.15028742,0.8487044,0.25022173,0.25269046,0.28114083,0.3982993,0.17952716,0.8266984,0.28868735,0.37915614,0.7925447,0.8740615,0.7562177,0.8168779,0.42900577,0.4009042,0.23163229,0.29643837,0.58100545,0.17651547,0.6646291,0.7157978,0.48616862,0.7440303,0.6721164,0.7354539,0.6326482,0.5973168,0.7063599,0.6100551,0.92013675,0.7143683,0.31412315,0.6902056,0.80476433,0.36350808,0.70019084,0.546878,0.6285773,0.6492166,0.68951005,0.6111093,0.33667204,0.41053122,0.30197084,0.1931697,0.33308262,0.6429433,0.30075473,0.3444312,0.5978162,0.32097024,0.6020305,0.089178704,0.23435697,0.33996406,0.3335624,0.74536467,0.6001821,0.4248304,0.57749486,0.54674065,0.2371789,0.3089181,0.12237684,0.53575826,0.43167165,0.7776348,0.36897558,0.519585,0.4768514,0.7590278,0.68785053,0.4684243,0.33736676,0.6860012,0.75406545,0.8202402,0.4786474,0.62730485,0.6923319,0.30102244,0.68435955,0.50216115,0.3976745,0.68444216,0.6761055,0.13644962,0.18177877,0.7368145,0.5825774,0.69072634,0.6575548,0.7052634,0.33353582,0.5285746,0.65111697,0.7091817,0.58612084,0.4691156,0.67809963,0.77736306,0.81837726,0.6623143,0.6769608,0.47336397,0.73257434,0.27608725,0.41503966,0.77192616,0.22949746,0.4994263,0.32386214,0.7353771,0.72430515,0.3374235,0.18112981,0.80554104,0.39412776,0.7587351,0.7166812,0.6912357,0.31038383,0.4939723,0.10973174,0.6780748,0.939412,0.81883824,0.7851968,0.6931188,0.893824,0.4571034,0.89474076,0.17042808,0.86985457,0.13769591,0.2638172,0.7891627,0.22356753,0.74119043,0.78183436,0.791698,0.83100235,0.30996525,0.56830883,0.79169667,0.68045795,0.87770927,0.14971292,0.5353556,0.30023834,0.46284088,0.40937585,0.27252707,0.18955842,0.30951706,0.55135787,0.86033845,0.5043146,0.86437416,0.4584937,0.23470838,0.35113287,0.3651119,0.62680715,0.5467713,0.42931038,0.5420943,0.79889923,0.4652475,0.18119995,0.67052513,0.673864,0.18286835,0.5780587,0.4269182,0.76662624,0.54041636,0.94078517,0.86553735,0.6767438,0.4987594,0.36016282,0.35978085,0.6601213,0.7742925,0.45895943,0.2564271,0.85533667,0.37357503,0.8430029,0.45128018,0.65234476,0.7377812,0.4425021,0.73753196,0.15205933,0.2677448,0.2113963,0.7128103,0.8681971,0.35974824,0.5879925,0.16150764,0.48931277,0.30699113,0.5943761,0.5424488,0.693513,0.4920381,0.13285618,0.18583001,0.7698493,0.5758705,0.7604708,0.2017859,0.849041,0.6001243,0.33191705,0.845609,0.87790567,0.60660183,0.7255907,0.44217396,0.40797594,0.44499972,0.7044212,0.11911336,0.3933608,0.36579946,0.5490798,0.4018487,0.70943093,0.7382788,0.24248648,0.45725468,0.7142481,0.7847673,0.06955901,0.81163627,0.37098765,0.76744914,0.42663646,0.6803222,0.47501877,0.49391705,0.4299202,0.7462999,0.70704013,0.81321365,0.7896149,0.286455,0.4691288,0.74197465,0.1636163,0.45806438,0.22388493,0.1608796,0.11713445,0.6275919,0.26825047,0.56161916,0.28155467,0.46463946,0.43252242,0.9124763,0.9001311,0.80170083,0.26080596,0.8450695,0.57097006,0.74873126,0.3313008,0.78720784,0.62650615,0.6761509,0.72444385,0.8008583,0.31295165,0.4937189,0.8623134,0.3230546,0.47286627,0.6227275,0.5902406,0.22567727,0.35976344,0.65363896,0.806538,0.4037106,0.27986455,0.32354346,0.64631176,0.7036616,0.7553762,0.41956425,0.45088664,0.35114217,0.8165647,0.73557246,0.27720127,0.20616254,0.546325,0.6996967,0.6523017,0.71786827,0.4889769,0.6476352,0.13592018,0.3280563,0.6930766,0.7545631,0.66476285,0.508407,0.052289948,0.3850661,0.76140267,0.033946455,0.24231498,0.4361425,0.33212718,0.84420556,0.5536617,0.73936164,0.08091779,0.91907066,0.77322614,0.49388978,0.774304,0.30389258,0.8019035,0.8093663,0.22652791,0.8651446,0.29990512,0.57932705,0.18505919,0.38103014,0.44999912,0.7255966,0.6900723,0.36966336,0.7192255,0.33457592,0.8033869,0.864675,0.2090448,0.12951855,0.37915456,0.51703477,0.2269669,0.8200813,0.11651818,0.6759939,0.5364758,0.5301501,0.42055315,0.568749,0.6453523,0.8476811,0.56752056,0.47992527,0.7161643,0.38639382,0.5732832,0.3357428,0.6795131,0.30133712,0.7656029,0.71258223,0.7994566,0.4306138,0.35210267,0.9072888,0.5562028,0.35844728,0.7584103,0.31365135,0.36257863,0.40116537,0.6143611,0.35791868,0.34985247,0.5326595,0.48025092,0.63994104,0.30936325,0.72618806,0.7954798,0.121260524,0.80855083,0.33266434,0.34968835,0.41693878,0.93083626,0.62662065,0.70419973,0.81544214,0.53937757,0.8151991,0.34603438,0.34546837,0.11679463,0.27818564,0.68714535,0.47008824,0.32744572,0.07959897,0.43524602,0.45982057,0.74753094,0.37116733,0.4842768,0.41359442,0.53646755,0.6762871,0.2314159,0.89150137,0.4679015,0.07483656,0.39299238,0.4837288,0.24113797,0.8281261,0.7196053,0.55853903,0.7613803,0.3057942,0.7337914,0.6806992,0.13830128,0.4909302,0.37247735,0.57543945,0.92645395,0.21076086,0.6996939,0.27107507,0.17448227,0.36972606,0.52504516,0.41673273,0.9771507,0.5379671,0.63744473,0.7984696,0.5147901,0.633754,0.92327267,0.9198712,0.86459243,0.2612056,0.1315666,0.64888716,0.575877,0.56378776,0.6308988,0.5700338,0.5084557,0.37566766,0.07514734,0.7403549,0.4376303,0.88620794,0.6700986,0.41250575,0.7499125,0.5058541,0.32359812,0.73678887,0.55999583,0.30741543,0.441412,0.07470761,0.75005966
4,0.56817687,0.2432879,0.73065627,0.14161474,0.7904677,0.78300965,0.22979431,0.23465116,0.14946118,0.8915957,0.1191408,0.2482319,0.55470824,0.20719165,0.41689682,0.63386524,0.8748265,0.3094519,0.31795892,0.61883545,0.5714292,0.5119799,0.74429053,0.75866205,0.86207527,0.5657292,0.46619394,0.22980063,0.44144183,0.6441653,0.5470187,0.5240503,0.36228764,0.8261721,0.5925544,0.76007026,0.7861137,0.6292141,0.79081166,0.85873413,0.19115683,0.31666535,0.19599758,0.16596359,0.23925573,0.34242907,0.63640034,0.6813547,0.7978289,0.27600738,0.748667,0.15439884,0.7188307,0.564978,0.27753404,0.7131883,0.5144221,0.46659753,0.033414803,0.26489806,0.80515254,0.78075045,0.6428938,0.900823,0.46031472,0.636722,0.24408534,0.6744564,0.9315126,0.16089234,0.46227008,0.8760135,0.8808523,0.62152475,0.82196724,0.43445468,0.61284864,0.67909646,0.2571879,0.51322895,0.50535107,0.61238444,0.53591514,0.2948559,0.47895366,0.17445807,0.74527615,0.39099005,0.5281678,0.69715744,0.33769068,0.67220145,0.59358466,0.20267038,0.33485287,0.21335502,0.70232224,0.32953352,0.24180155,0.4507996,0.55114955,0.34131262,0.8475214,0.6324091,0.2818686,0.8037818,0.7581567,0.66917986,0.74369174,0.74969107,0.674498,0.4440173,0.6047931,0.43644676,0.844894,0.258957,0.5834645,0.556047,0.30891111,0.58435804,0.72462887,0.6361798,0.19476064,0.30723774,0.65587586,0.397245,0.56415635,0.5317545,0.6686697,0.29415894,0.41617772,0.7681717,0.2047207,0.48116702,0.43612406,0.65514296,0.43315625,0.39944002,0.8365459,0.25908077,0.8506777,0.6797219,0.6775031,0.27285463,0.14663167,0.20562422,0.73925936,0.46428764,0.6659853,0.47746482,0.11223764,0.4700825,0.53197664,0.3566343,0.3672153,0.85621095,0.5446674,0.7791699,0.6455273,0.63307595,0.42510453,0.44636604,0.81889826,0.67388695,0.65207964,0.5976006,0.44641098,0.632792,0.84654677,0.5150585,0.3531345,0.71920496,0.31541985,0.66093403,0.28875744,0.63892597,0.8062564,0.2747995,0.88953274,0.5517261,0.42457682,0.13115105,0.2627842,0.36913112,0.72906727,0.77225655,0.22755669,0.10419082,0.8725017,0.097308695,0.73677814,0.28427836,0.6025972,0.84330976,0.38407284,0.68148184,0.14983232,0.6949352,0.8342083,0.47483402,0.54497385,0.36189133,0.27554944,0.67315924,0.4734963,0.5495953,0.2157532,0.09714306,0.45916015,0.67392546,0.64712507,0.8082985,0.7940774,0.20872742,0.7159766,0.5079463,0.42157885,0.8223426,0.49979302,0.5384236,0.9129138,0.40610078,0.45862386,0.46791062,0.89624774,0.7445416,0.79140574,0.2864378,0.66096944,0.38634354,0.51716846,0.29547688,0.8474451,0.25519282,0.26172593,0.44062555,0.9018399,0.45490655,0.51234806,0.8565131,0.9569459,0.75658834,0.17870837,0.40791067,0.34883788,0.5389725,0.5576005,0.3796548,0.5028419,0.70285225,0.47848028,0.51722056,0.10231711,0.64097756,0.70038897,0.54331607,0.35580936,0.3211316,0.8296198,0.39700043,0.3170928,0.54512364,0.48683268,0.24934888,0.6672623,0.76336384,0.7884862,0.8807896,0.5692002,0.63718295,0.67422944,0.3554161,0.63567156,0.86172336,0.3411449,0.8264273,0.64735144,0.10483415,0.62857634,0.3361999,0.27704886,0.7851313,0.3804549,0.687399,0.50364876,0.55841565,0.3836709,0.6700077,0.3951448,0.9186971,0.40471473,0.7086453,0.7131086,0.72257775,0.41475725,0.34106117,0.77864075,0.23963672,0.6721094,0.71621406,0.51894146,0.44441402,0.4944885,0.20157403,0.79009145,0.2054185,0.38014358,0.5701091,0.5865625,0.8958682,0.24844517,0.4916126,0.4798,0.7820327,0.31851578,0.6208912,0.40778646,0.7612446,0.6814053,0.9190341,0.465295,0.7207637,0.8485576,0.30453187,0.18788008,0.17030498,0.74780166,0.91291493,0.6506579,0.079410784,0.14582253,0.6480643,0.23236594,0.28955638,0.45021048,0.53004855,0.715453,0.89557767,0.69380826,0.20214729,0.31447268,0.54688007,0.29277337,0.10751142,0.56354713,0.4062967,0.3104138,0.65971845,0.8592759,0.20666818,0.8862723,0.47111237,0.77155626,0.29748958,0.46445927,0.849099,0.5577219,0.31900048,0.60603505,0.50165486,0.61043763,0.16488607,0.5201787,0.31213015,0.6442887,0.14427158,0.1895835,0.69708383,0.6803842,0.871489,0.5572038,0.35750332,0.26084447,0.80880123,0.7377028,0.4705195,0.6150023,0.5180391,0.69844234,0.7104637,0.27209967,0.7297016,0.4555557,0.59771806,0.6031265,0.6281299,0.4792247,0.5076376,0.5964996,0.5198508,0.3519598,0.22567911,0.86582583,0.5757839,0.4634742,0.53693455,0.85263115,0.90150803,0.71457297,0.9384929,0.6575459,0.33850905,0.22115465,0.23557037,0.57489115,0.55218154,0.16729037,0.5208317,0.60261226,0.5418009,0.19879869,0.28699392,0.062478125,0.7352724,0.5573614,0.55866504,0.3940975,0.5330173,0.5674133,0.21342428,0.7414639,0.6034298,0.62506217,0.4942996,0.61185396,0.2804334,0.56828016,0.7398979,0.6802213,0.25704694,0.76536953,0.56884176,0.2778181,0.52402717,0.49932203,0.39501053,0.19539991,0.6781689,0.6700678,0.7085371,0.4363535,0.5905277,0.42299053,0.6854073,0.3114828,0.8671472,0.391682,0.51052177,0.26930854,0.6894408,0.3524559,0.74186045,0.4605447,0.75037843,0.5425699,0.40466034,0.5357307,0.31671217,0.35811368,0.773279,0.62556165,0.48406062,0.23725297,0.31883708,0.69809514,0.40691435,0.7269012,0.35563973,0.46213663,0.7951679,0.39290646,0.6342123,0.6840616,0.7751842,0.5717382,0.51952964,0.33484748,0.24945626,0.53838384,0.8079824,0.4878017,0.8307177,0.55006677,0.62186104,0.18665929,0.58741444,0.757538,0.30522367,0.752673,0.36329556,0.5168004,0.5775013,0.6776714,0.24420623,0.8096729,0.6051247,0.64218724,0.6755684,0.61982155,0.68938875,0.79831487,0.44119266,0.05720205,0.6461787,0.31746626,0.23247631,0.72582275,0.48434737,0.8636085,0.80869097,0.6077411,0.42559376,0.07942181,0.56331146,0.46469164,0.2922528,0.66063637,0.11012464,0.52760845,0.9399664,0.9506386,0.16291118,0.5934883,0.16605681,0.7471878,0.7363044,0.64356416,0.705388,0.7137938,0.33489072,0.52087206,0.03501788,0.53973365,0.34364808,0.7361033,0.29234296,0.5569653,0.8965968,0.6640287,0.33859602,0.3271434,0.5991687,0.47784716,0.42270902,0.80961835,0.26080608,0.28843385,0.9257139,0.3936916,0.86781603,0.045540832,0.62648034,0.6419299,0.35782832,0.89255625,0.5115266,0.7660716,0.2546011,0.292502,0.6516842,0.4613952,0.55313694,0.63133967,0.7863388,0.84466416,0.42906585,0.36760953,0.42193457,0.4379594,0.31881788,0.14787906,0.073941156,0.8552414,0.4267647,0.48062474,0.9706495,0.75344455,0.850028,0.49477068,0.7953978,0.1843755,0.88100445,0.6708116,0.8948363,0.3340803,0.12719896,0.32958043,0.26877508,0.2764358,0.47829574,0.7051739,0.6787564,0.19444092,0.40376982,0.44406012,0.732259,0.36525258,0.27344003,0.85911036,0.56671345,0.44222334,0.4745422,0.1873146,0.19017895,0.2921762,0.6419525,0.8411447,0.8533342,0.75695467,0.6857699,0.64118165,0.51417357,0.5525747,0.5030919,0.70494735,0.53253126,0.39677408,0.15086496,0.529752,0.50600433,0.53416795,0.8520083,0.37845647,0.6545174,0.3800697,0.6871221,0.90552306,0.104874,0.6024943,0.4622232,0.44311297,0.67846406,0.75638217,0.5619105,0.71733373,0.70387316,0.18988197,0.39631644,0.6227658,0.7529366,0.45300367,0.52232003,0.69228166,0.56589586,0.60679764,0.92799765,0.66650057,0.29930982,0.21356855,0.10672384,0.6020608,0.9415349,0.6633185,0.56920356,0.5920007,0.8336366,0.18841088,0.36922893,0.5544639,0.19094177,0.8090312,0.5726108,0.5246389,0.6235368,0.28733134,0.6073945,0.669697,0.64440995,0.5945645,0.59866154,0.40548462,0.66254646,0.36094418,0.8180965,0.5453323,0.8681228,0.21092345,0.3396346,0.3293373,0.49369252,0.6999403,0.4418608,0.6325231,0.56332654,0.85736215,0.8071635,0.6058901,0.24059449,0.17958194,0.3759512,0.5302721,0.7806882,0.7728409,0.15793155,0.78159565,0.25611117,0.3719229,0.39513162,0.48265025,0.92484635,0.7297868,0.3931659,0.6146393,0.14664288,0.5486812,0.38109058,0.42979324,0.30906788,0.48047477,0.8224471,0.7690531,0.106038,0.15009908,0.7976103,0.64972126,0.4249928,0.5777466,0.75907236,0.47089398,0.9048709,0.17275812,0.1736747,0.65541637,0.30877715,0.7871914,0.7206306,0.46580827,0.55967355,0.18250655,0.3714801,0.1889614,0.536199,0.49758255,0.6987245,0.5081986,0.804307,0.19323565,0.88744354,0.287726,0.30510554,0.6818742,0.6934641,0.5938459,0.804323,0.29260093,0.5648547,0.4055859,0.63255703,0.21955504,0.7031022,0.8400721,0.48958528,0.82750803,0.40120655,0.5561817,0.52547586,0.81488335,0.68118393,0.11454036,0.81073695,0.10259006,0.7039262,0.5100123,0.66503143,0.86921114,0.6364382,0.276436,0.34502217,0.45469806,0.15059558,0.7885865,0.68380773,0.870781,0.3918271,0.79797983,0.19922508,0.49371186,0.43215334,0.4369988,0.69490516,0.28140095,0.4567438,0.73562986,0.4167372
5,0.26363736,0.76207656,0.46250358,0.7968431,0.5721658,0.52265894,0.24950139,0.77460027,0.4832144,0.46845827,0.4316697,0.571827,0.572282,0.8454402,0.65207,0.52153295,0.28465775,0.41595295,0.29373178,0.31777585,0.8497949,0.21360229,0.81377584,0.42736986,0.8949644,0.6323977,0.15351665,0.3350002,0.64295745,0.5092501,0.370912,0.6458399,0.5097625,0.72138846,0.8523704,0.8247753,0.8924819,0.31623507,0.5129264,0.300677,0.29326054,0.40747723,0.70029885,0.6984486,0.60812193,0.597988,0.8683992,0.10611677,0.46020386,0.5022947,0.43201268,0.55866134,0.35384238,0.86011213,0.72854847,0.40747085,0.15907575,0.6835607,0.4414922,0.68020976,0.52812344,0.68305564,0.31725842,0.8735362,0.4905403,0.65873355,0.6863429,0.60686713,0.3864955,0.73913574,0.246637,0.25938606,0.5904889,0.23411568,0.6870187,0.6197024,0.5705624,0.76016045,0.670585,0.48084554,0.51507103,0.6204897,0.42734978,0.7051947,0.70606434,0.53721845,0.72785556,0.4948361,0.47652674,0.24021594,0.6413548,0.20189422,0.40228552,0.85296386,0.4476316,0.86167306,0.3531911,0.5809347,0.8432284,0.5866128,0.8908853,0.3907194,0.45884642,0.4614361,0.60284346,0.41852856,0.45675853,0.30201152,0.7076733,0.65766484,0.45944497,0.42384413,0.6369396,0.5195995,0.89058965,0.83304256,0.23499502,0.3500576,0.6573245,0.23869519,0.72242576,0.16634518,0.93929,0.6856567,0.24609429,0.8235978,0.29511103,0.44350335,0.32604972,0.8561863,0.20364559,0.66690254,0.8963045,0.62888664,0.7541464,0.14360213,0.4999848,0.62411356,0.32632473,0.9069953,0.5375188,0.40718082,0.71414745,0.60156316,0.40254763,0.24809241,0.9073539,0.65935826,0.80053777,0.8052394,0.6580327,0.4395213,0.7188752,0.2696936,0.4483628,0.34305862,0.59412307,0.6166614,0.6237401,0.34142998,0.61152273,0.6404959,0.8137439,0.46668303,0.7997721,0.44358718,0.8025054,0.41154483,0.31814918,0.4650204,0.66383475,0.6224585,0.7817371,0.5502358,0.34564108,0.46954757,0.33561864,0.4996212,0.2846885,0.44202384,0.9225696,0.36722496,0.36537135,0.89296246,0.4618833,0.55583423,0.610858,0.87091607,0.39659223,0.8199243,0.8226822,0.49410674,0.8929018,0.10032902,0.44712925,0.5931028,0.59844106,0.6226229,0.49801627,0.57977957,0.71901655,0.8137807,0.57686317,0.8516532,0.37036192,0.51133096,0.6700513,0.23416749,0.58935225,0.5162024,0.7167278,0.54759216,0.40427142,0.6367729,0.16277626,0.39703733,0.16917728,0.71800566,0.68155867,0.43678847,0.3986397,0.7388753,0.22225882,0.6684156,0.29324877,0.6462389,0.64264214,0.49488747,0.55864793,0.5323999,0.5157166,0.45363423,0.66187596,0.1206647,0.33762163,0.45730335,0.70930076,0.55514836,0.70596087,0.55079436,0.37455195,0.23785165,0.32185203,0.5290012,0.68863755,0.7021339,0.822698,0.4468425,0.8048501,0.71624905,0.4176226,0.76167107,0.5666849,0.62308174,0.5287052,0.5490652,0.52341,0.67347336,0.8324495,0.8014126,0.2936326,0.9013241,0.2651015,0.7100667,0.5337663,0.66701674,0.7114508,0.08224187,0.75304925,0.088735774,0.52884424,0.3239317,0.3529819,0.4830765,0.52001846,0.33401793,0.6366622,0.7823173,0.13740595,0.60180175,0.66256595,0.7995657,0.7541225,0.5388637,0.31810912,0.17334417,0.8770148,0.62897027,0.6941478,0.33350095,0.5463748,0.60283446,0.49647662,0.42358613,0.8821726,0.63330543,0.7615251,0.45206642,0.6318605,0.74373996,0.3378895,0.35056219,0.5123429,0.26021424,0.24643046,0.84101397,0.16561322,0.52638,0.87461734,0.57017463,0.6560197,0.6074719,0.45785275,0.69976944,0.70290667,0.6716079,0.6610012,0.30229035,0.21699417,0.33432344,0.31118658,0.40848434,0.6134278,0.8776449,0.875258,0.5141415,0.81969535,0.56190634,0.49346384,0.66688263,0.45445737,0.295438,0.47919425,0.6808609,0.29001525,0.16958451,0.49701494,0.57459927,0.31579152,0.7249704,0.8342135,0.47953853,0.5569951,0.68255746,0.3436369,0.8274375,0.47282055,0.614084,0.59222263,0.7724365,0.6468125,0.583377,0.7595875,0.6076775,0.5411481,0.8991602,0.2654511,0.5366833,0.6516049,0.5408934,0.10128644,0.65079343,0.1410929,0.6296964,0.8563365,0.75406927,0.68244034,0.587908,0.136162,0.2103277,0.64892155,0.68665385,0.3746926,0.5383721,0.1875466,0.7015449,0.763382,0.6305596,0.6909852,0.19386461,0.5744891,0.31680834,0.61171377,0.7869476,0.40848982,0.4023635,0.7990618,0.6939594,0.14144886,0.3908354,0.379026,0.58086663,0.4890753,0.679397,0.634859,0.49911436,0.39416897,0.5294949,0.4125357,0.9172325,0.30714917,0.63086045,0.3699906,0.57395905,0.57886547,0.5706089,0.23479292,0.61758405,0.24096903,0.4978533,0.74517566,0.5531753,0.6711688,0.60407776,0.5225459,0.57872146,0.6610548,0.48161355,0.39520746,0.40653574,0.9249234,0.84480095,0.55658454,0.30350155,0.5358797,0.539656,0.68489283,0.3765567,0.9409861,0.15260665,0.45174894,0.71166366,0.51573074,0.43684387,0.2652879,0.82425046,0.47061327,0.8367376,0.7464492,0.36632654,0.33128074,0.46973866,0.37218538,0.8116092,0.20325649,0.6059732,0.8859404,0.54245776,0.50962144,0.34499732,0.29728118,0.20870876,0.48927152,0.863068,0.6872698,0.9567716,0.5815364,0.49680758,0.630985,0.3517521,0.4038155,0.5246942,0.59259033,0.34854257,0.48612797,0.25449318,0.6551005,0.34096172,0.19358882,0.81490844,0.53070253,0.29208252,0.88263184,0.8106734,0.6239011,0.6938631,0.38788044,0.4923256,0.45561695,0.7241355,0.5094001,0.7596413,0.7788944,0.60088944,0.43791062,0.40204018,0.49049422,0.39419365,0.56976765,0.5755352,0.80285776,0.3728051,0.3716458,0.32760248,0.47848693,0.56820256,0.7510361,0.8402556,0.09891094,0.8222667,0.5603957,0.31043932,0.7526614,0.8427816,0.86316663,0.33143517,0.8197482,0.4334551,0.6597218,0.48748168,0.5788735,0.92438084,0.528466,0.29923922,0.34728718,0.6453997,0.3331508,0.6806649,0.4779236,0.44439122,0.31090492,0.26758018,0.4110863,0.3381666,0.5820917,0.7724937,0.8114619,0.68994933,0.58022,0.9282432,0.10914,0.58672106,0.69506884,0.6173483,0.7489892,0.3720746,0.4023391,0.6382114,0.49606735,0.2828853,0.75229007,0.8313493,0.544754,0.8858103,0.4250109,0.7271606,0.84674007,0.46017265,0.4461802,0.48137736,0.31656003,0.42971396,0.60431504,0.2191081,0.12958698,0.6527667,0.41637373,0.88699687,0.6226093,0.55079347,0.6845306,0.7034817,0.4034114,0.55667704,0.7650103,0.2825457,0.57455266,0.64756703,0.30262387,0.6098487,0.6534838,0.2770803,0.17582814,0.9089383,0.6138356,0.50425446,0.25850144,0.5516648,0.49364614,0.8169751,0.4953763,0.58749753,0.32690856,0.50112015,0.71639484,0.8030675,0.46303982,0.28393638,0.78485596,0.8783932,0.4724539,0.5928545,0.6626078,0.80134785,0.90034336,0.6228531,0.8231532,0.26702717,0.33327556,0.47729638,0.49889916,0.5969864,0.49974722,0.37190872,0.38978073,0.73384655,0.49808854,0.41833565,0.62757915,0.19451724,0.31574044,0.7579241,0.55074364,0.25043908,0.46662027,0.27473724,0.6860337,0.7969672,0.22810443,0.48312536,0.77808946,0.8459369,0.5611414,0.6072532,0.28022367,0.5474948,0.51613855,0.68123585,0.6044292,0.8667418,0.574777,0.2371268,0.20438512,0.61929184,0.062103596,0.69769293,0.27914613,0.12503037,0.8199484,0.621706,0.8136698,0.8065088,0.16447817,0.8924531,0.59543085,0.8752192,0.7854445,0.83407557,0.46111318,0.60698986,0.31918135,0.62954485,0.48725522,0.52607995,0.48556504,0.28107494,0.6046648,0.8647148,0.70146716,0.32151935,0.68077826,0.80172896,0.33170295,0.48189175,0.5265657,0.30840153,0.8128534,0.21272962,0.53188163,0.7387897,0.1058618,0.5759352,0.75606215,0.646885,0.70071393,0.42182574,0.8123985,0.7091871,0.3365744,0.67024523,0.5248941,0.7928079,0.9485387,0.7327181,0.22773941,0.5890251,0.8097191,0.18236777,0.27634585,0.20437779,0.17534798,0.6444477,0.77512205,0.08332077,0.39742506,0.47131413,0.4170841,0.5057129,0.5577127,0.35523653,0.27414644,0.7507416,0.39721978,0.6845561,0.7996655,0.35239217,0.55521184,0.67003626,0.1312755,0.82895684,0.52927697,0.8344488,0.82969195,0.9023842,0.8197616,0.84255314,0.12021218,0.4985527,0.34334463,0.81173223,0.5922589,0.34079054,0.6514923,0.6712849,0.18173169,0.36787608,0.5530465,0.43693215,0.688265,0.67285776,0.67000014,0.4759592,0.42083988,0.6306472,0.54832715,0.5023555,0.3878645,0.6745922,0.634828,0.7083078,0.841448,0.54247314,0.8118674,0.271945,0.5596633,0.40461567,0.113233775,0.44806963,0.47181576,0.055880558,0.86878103,0.55314136,0.41235667,0.63877654,0.16360137,0.85850763,0.43886077,0.28747407,0.8918855,0.539474,0.61379933,0.31925818,0.5455922,0.7211095,0.49146238,0.88016844,0.22720258,0.6950874,0.5376022,0.2983801,0.5232147,0.39122894,0.5987376,0.19447246,0.44969708,0.8863007,0.7116594,0.34514952,0.7361494,0.4353749,0.7930963,0.82445186,0.3652202,0.43602398
6,0.5544889,0.52055275,0.13989495,0.5449297,0.55975354,0.6878813,0.23155802,0.5852336,0.4475025,0.7705415,0.4066747,0.5742847,0.2249187,0.23931432,0.66362494,0.750681,0.65937674,0.6056237,0.78853387,0.40688983,0.8018728,0.5383485,0.45775014,0.61787313,0.4231119,0.28336582,0.543896,0.48618805,0.6253053,0.9292717,0.873684,0.3534537,0.8565817,0.38856634,0.24714962,0.307519,0.6788091,0.50818074,0.36829448,0.5033119,0.49804768,0.28006548,0.518498,0.84613764,0.63771206,0.38483807,0.7290211,0.8995843,0.3889739,0.24232097,0.250093,0.56951594,0.24242273,0.4289858,0.76176554,0.12139465,0.5529007,0.36372268,0.55681556,0.55759704,0.5134668,0.7797552,0.5738742,0.46787867,0.2944438,0.14462303,0.66658026,0.3490251,0.7567831,0.55241686,0.3175048,0.6479942,0.3461911,0.6537581,0.22602335,0.79716045,0.6247114,0.76171196,0.7087566,0.517987,0.3959496,0.24035743,0.632201,0.6351131,0.33483666,0.40272427,0.20308405,0.5705912,0.8527474,0.84709585,0.49523938,0.7465042,0.47750798,0.21548414,0.52716523,0.23482072,0.5034795,0.45751694,0.4412868,0.92723376,0.4965557,0.76083523,0.67274404,0.4653366,0.38256353,0.73328334,0.4926498,0.6402534,0.60096127,0.49950707,0.72823995,0.24377449,0.49656826,0.6869045,0.38521314,0.25139958,0.45788985,0.8009407,0.116326034,0.34482723,0.14668182,0.7555883,0.6446533,0.43379128,0.82381916,0.7672907,0.2819677,0.73438305,0.32332763,0.77849305,0.68508404,0.48791924,0.62856746,0.3150564,0.6684988,0.42465678,0.42684305,0.6346138,0.535873,0.7863761,0.1942664,0.40902606,0.6234323,0.7098735,0.8296359,0.6919528,0.6594093,0.43223906,0.2912832,0.7362654,0.43297762,0.16868007,0.52618957,0.3168556,0.25279084,0.82845443,0.47085395,0.42125392,0.77340835,0.4016653,0.20859031,0.5806966,0.4000409,0.8114544,0.6664297,0.6853302,0.5721884,0.6026861,0.36335662,0.47596478,0.316911,0.9263934,0.326687,0.5389947,0.5896523,0.23262964,0.740024,0.43761313,0.7700047,0.34970373,0.64461833,0.70577246,0.17923976,0.61618197,0.47040278,0.7151983,0.36576888,0.37961316,0.77684414,0.5406063,0.47093475,0.61124325,0.5716496,0.49754524,0.62796307,0.45858663,0.22479723,0.40988365,0.5950059,0.69464004,0.27668425,0.056199055,0.66748905,0.61343837,0.6406236,0.4257045,0.5931827,0.102319606,0.5969038,0.89169353,0.7983029,0.8015666,0.40177342,0.48838782,0.79935294,0.40134254,0.45795906,0.8167112,0.31262976,0.6428854,0.25011724,0.6269544,0.8788772,0.2798082,0.6158201,0.8323128,0.9034824,0.44317463,0.36934942,0.2862046,0.45545813,0.34960538,0.4516371,0.679792,0.7187001,0.6140953,0.23108487,0.39686108,0.5242688,0.6616563,0.8972079,0.79188037,0.30843395,0.6115702,0.6536602,0.68470985,0.33005863,0.8497154,0.11803766,0.48647988,0.6047454,0.5477521,0.6593254,0.5630283,0.26482245,0.4728801,0.29419136,0.29369834,0.80543786,0.6856387,0.83145374,0.12051118,0.28919792,0.68926865,0.48459068,0.67350364,0.4104422,0.4374802,0.5707755,0.65187925,0.54690486,0.29286492,0.5939106,0.65097904,0.7811514,0.5280627,0.6709691,0.4320375,0.5621999,0.7562391,0.5256177,0.7212909,0.23714954,0.6851166,0.6191421,0.49981225,0.21664116,0.14161453,0.6565677,0.53674793,0.5837863,0.19979474,0.6404123,0.63479435,0.14164136,0.9049367,0.8484305,0.55700225,0.62808913,0.50195414,0.7521775,0.4889175,0.22190267,0.7780852,0.7340695,0.37449065,0.91495657,0.5266355,0.58823,0.23683392,0.64615875,0.644448,0.36447313,0.5810065,0.24743141,0.52079517,0.16419034,0.65701747,0.27661285,0.72050005,0.6588634,0.31087354,0.6398307,0.6712415,0.5695796,0.32776386,0.54549384,0.79759914,0.62004673,0.5358342,0.72993433,0.34221575,0.73405635,0.7854816,0.12465588,0.81617284,0.21355587,0.46395347,0.2341278,0.4271041,0.21938124,0.3586831,0.7636502,0.86697966,0.7547155,0.43925527,0.57627887,0.25514734,0.72104144,0.5958987,0.8299844,0.5193448,0.3696272,0.8304119,0.28247342,0.22214451,0.38920596,0.778094,0.7438074,0.39797735,0.749529,0.68013203,0.6563401,0.60946953,0.27325043,0.10222629,0.52815604,0.6146382,0.7232958,0.763343,0.21021889,0.19433959,0.28404745,0.8920578,0.37340325,0.08702321,0.07697439,0.45883974,0.38408098,0.36499235,0.50203246,0.15556622,0.61432177,0.7494693,0.79084915,0.3258729,0.7397056,0.3829761,0.9510311,0.8391493,0.51363164,0.50164604,0.31609648,0.7232522,0.35574314,0.7399057,0.7870862,0.61341995,0.5714327,0.4678909,0.519856,0.609736,0.6524046,0.5439162,0.7750232,0.7157405,0.19628242,0.46830615,0.61585224,0.27227965,0.7943389,0.67624676,0.6576674,0.67855936,0.2086618,0.45201138,0.41997838,0.54451865,0.6320002,0.2850357,0.5354936,0.3521036,0.6956796,0.7987373,0.58271325,0.51938796,0.7875158,0.3884375,0.38494873,0.6375522,0.69134825,0.2129945,0.44950527,0.53075176,0.4139149,0.60830814,0.4358892,0.7113364,0.3096853,0.40704754,0.72712404,0.32648057,0.33706203,0.8727584,0.44522297,0.4309093,0.3307727,0.27840626,0.47657302,0.6794483,0.70101184,0.6263496,0.7994474,0.30593142,0.5507998,0.5177049,0.9278973,0.6404437,0.649639,0.73522604,0.6955229,0.40613037,0.5696714,0.53067267,0.6614483,0.6207135,0.3610961,0.74514,0.66842043,0.21945487,0.48841193,0.6185394,0.16777332,0.65402037,0.4374103,0.093851686,0.6053106,0.60356504,0.21376179,0.4517499,0.37043935,0.6814187,0.70972615,0.7011991,0.64788926,0.70198154,0.9762157,0.51674664,0.584583,0.63807356,0.14824173,0.4912252,0.65032417,0.3056795,0.61047685,0.5800001,0.70134574,0.37793243,0.47686675,0.415201,0.33823156,0.38473508,0.54687744,0.8952613,0.78667825,0.5959705,0.4118859,0.25329006,0.81739914,0.8509464,0.4831763,0.57090044,0.5248489,0.657083,0.25359425,0.44786,0.16891618,0.3296144,0.44094518,0.605672,0.6797628,0.4059636,0.27422413,0.5666231,0.20862658,0.44638985,0.2497584,0.5748596,0.94682926,0.34183577,0.70276845,0.241943,0.39467758,0.1868812,0.70912355,0.5197285,0.6721349,0.6448227,0.29616392,0.7510789,0.59048903,0.62333953,0.62582105,0.49306062,0.5230814,0.32284608,0.3297398,0.6957828,0.75077504,0.3859236,0.68155956,0.3930301,0.6146745,0.7966432,0.46828774,0.5689058,0.8660632,0.23344368,0.61739165,0.34642518,0.39849406,0.8240757,0.67800814,0.29044533,0.3373836,0.45313132,0.6693767,0.5470465,0.44904482,0.63156235,0.5692812,0.30697632,0.5176334,0.34601465,0.57710737,0.40669492,0.66649365,0.49525058,0.30056977,0.38878277,0.30972522,0.57510656,0.7299795,0.46093127,0.671967,0.6447788,0.35446417,0.68361634,0.5283932,0.65874875,0.61564064,0.6067678,0.48895454,0.50517607,0.23711187,0.12048958,0.50920326,0.7404829,0.5746076,0.35929647,0.4450018,0.6172883,0.9199917,0.3864447,0.46994275,0.48478717,0.5848815,0.922946,0.6779629,0.38511848,0.17290278,0.47252437,0.45680872,0.46857125,0.86588776,0.49269775,0.3140551,0.46157485,0.62258536,0.7429656,0.5610523,0.50859284,0.4436999,0.8761345,0.27517593,0.48477396,0.10783214,0.09805278,0.35562438,0.35586563,0.5442087,0.64655346,0.22983722,0.36789373,0.85731995,0.7321195,0.32702497,0.6485909,0.29740837,0.91915625,0.54525834,0.30160412,0.7191895,0.17647406,0.7516887,0.5575332,0.58198667,0.34158313,0.90213114,0.56483245,0.5468533,0.40113917,0.22551714,0.8287489,0.33942503,0.1484037,0.5636002,0.4737771,0.43167108,0.44912136,0.8718078,0.45941734,0.7278498,0.28923872,0.123930596,0.74428976,0.35719308,0.5866665,0.66729915,0.52114266,0.56540143,0.6467067,0.12802261,0.6199323,0.68082476,0.6890011,0.4337128,0.7439952,0.499872,0.33344454,0.569198,0.110416695,0.6574078,0.78133196,0.8202987,0.61697507,0.27796367,0.38145578,0.27462068,0.2657099,0.54069155,0.5747016,0.90676427,0.48918995,0.30426928,0.5502378,0.5703726,0.3769577,0.44519314,0.33425665,0.89327455,0.63369775,0.36398274,0.14813647,0.53091985,0.5470929,0.47594103,0.5874637,0.9302012,0.24117373,0.6327316,0.24260765,0.34275672,0.6523557,0.8062543,0.52590865,0.2525207,0.34393936,0.78700113,0.701747,0.44211188,0.5524262,0.10229882,0.500807,0.3762324,0.6849521,0.85270065,0.55565274,0.6248359,0.42228734,0.29617545,0.43918842,0.33783418,0.7766395,0.39605674,0.62925935,0.90807617,0.44223487,0.69872725,0.2856856,0.42548934,0.5743624,0.58157605,0.54721874,0.4566383,0.23943838,0.16795513,0.25794894,0.8063537,0.3019358,0.62926173,0.40283176,0.89240044,0.45431262,0.7585967,0.7395763,0.63729376,0.81943053,0.83109695,0.805264,0.14972149,0.1550866,0.55569285,0.5542719,0.6265185,0.2737795,0.82655084,0.24499469,0.4248274,0.81510377,0.69291776,0.62952864,0.48819724,0.5873127,0.07965045,0.48839477,0.61575973,0.13734142,0.4748758,0.76438904,0.3331744,0.69096935,0.47589976,0.5125965
7,0.89999676,0.59933215,0.8355952,0.7450453,0.077551134,0.10309854,0.8235241,0.41776302,0.5320678,0.20507978,0.8407112,0.3954626,0.2968405,0.21099365,0.8820054,0.31140196,0.7963113,0.28799674,0.6549874,0.7248614,0.52012366,0.64290065,0.18600719,0.51570505,0.3051102,0.7527628,0.75363004,0.6501148,0.43347132,0.34705505,0.27865893,0.7308208,0.78738904,0.74873877,0.24130586,0.38907883,0.4688094,0.46531564,0.79536444,0.5525686,0.52601975,0.68702894,0.83456236,0.3806548,0.48454905,0.17349443,0.7913046,0.62315154,0.83494264,0.40074962,0.5267504,0.37245134,0.33307257,0.5814953,0.8453369,0.77058995,0.4681309,0.33650678,0.5582259,0.6966138,0.06635893,0.6039392,0.8004414,0.56582,0.87410825,0.43631673,0.72020507,0.48459437,0.61076665,0.66005814,0.5645996,0.33324808,0.690588,0.46553576,0.75117683,0.44289938,0.56830883,0.47334507,0.30338585,0.74958706,0.7548679,0.684917,0.7783526,0.48281404,0.7741657,0.7596482,0.39550346,0.5712537,0.71103376,0.7640654,0.83235216,0.14235044,0.7897823,0.35231256,0.6358021,0.16811529,0.6338988,0.2683638,0.5059577,0.55976236,0.75828516,0.78196436,0.70425636,0.5265373,0.4416166,0.49385843,0.30223525,0.67514795,0.63480306,0.3235732,0.6260841,0.25395656,0.43679178,0.86798286,0.45369813,0.32281685,0.24364008,0.06785217,0.6892426,0.6476957,0.5732108,0.6350243,0.37397432,0.087960936,0.55697876,0.8309113,0.5492701,0.84047174,0.69986194,0.57000023,0.8754659,0.36329052,0.70519954,0.8513512,0.1946673,0.74122477,0.6570659,0.37574422,0.5998198,0.16519268,0.46525463,0.4768884,0.13179477,0.55178666,0.17576998,0.38332376,0.826917,0.831911,0.7021021,0.3233335,0.77710915,0.42848164,0.7135492,0.632741,0.37642246,0.48468432,0.5400024,0.35505754,0.8556272,0.49247184,0.5123865,0.6919431,0.5041823,0.48746553,0.42474172,0.83560294,0.7524326,0.9039788,0.9583549,0.68398154,0.6093603,0.5064356,0.38086805,0.33088294,0.60663706,0.30704316,0.7279925,0.34028628,0.35987887,0.3067964,0.5916853,0.82427055,0.57375133,0.6983569,0.5461638,0.8192782,0.6095183,0.39280373,0.30883256,0.8558071,0.42041123,0.7231508,0.24959746,0.7848014,0.60342664,0.48618463,0.7328667,0.73816174,0.7074043,0.42769632,0.7252929,0.4452037,0.74923694,0.6153522,0.48460683,0.4436786,0.5496437,0.7889821,0.588333,0.49423972,0.4108347,0.5160602,0.45677206,0.48087046,0.11429593,0.5268437,0.7664036,0.4656291,0.30013546,0.62267554,0.46426785,0.6167816,0.41138104,0.3614786,0.2510579,0.48350808,0.4297817,0.70780796,0.5486868,0.81848055,0.35269174,0.75946504,0.5499151,0.69480187,0.61321586,0.593338,0.88374937,0.6117872,0.24864022,0.5106715,0.6726535,0.5030117,0.7353072,0.3511628,0.419104,0.5248313,0.96377575,0.40158093,0.59554833,0.20429482,0.45038506,0.8091077,0.380492,0.7690594,0.29312325,0.3324758,0.595325,0.6917837,0.4436816,0.41962343,0.7137235,0.7741779,0.38423225,0.38483113,0.6776932,0.5462657,0.4049647,0.6641772,0.747785,0.5829522,0.67121214,0.8895304,0.4908542,0.5449583,0.46776837,0.6379245,0.6396984,0.32569036,0.5943322,0.6291279,0.32195675,0.27777702,0.7890104,0.54771435,0.5958875,0.7701629,0.45323125,0.7158699,0.32568523,0.7851066,0.271515,0.4682575,0.5708973,0.47929657,0.8737767,0.36470526,0.5108464,0.048751913,0.7261721,0.6201266,0.64449406,0.293739,0.5471072,0.56523544,0.80677366,0.32660225,0.3590494,0.51837856,0.6202045,0.52339804,0.39020476,0.72786766,0.8020716,0.80297637,0.4108193,0.4106958,0.5851749,0.16732988,0.5303273,0.4400009,0.5590426,0.7022548,0.44584882,0.59711546,0.33106697,0.2789683,0.5414112,0.7657012,0.41272482,0.37664893,0.7141659,0.42024946,0.89505285,0.15931578,0.7777193,0.64664495,0.2854748,0.69807696,0.5162171,0.8590343,0.3859321,0.53663945,0.40779147,0.85456324,0.27486292,0.2795512,0.54023916,0.22042608,0.23738801,0.6687502,0.71451586,0.5243516,0.39018324,0.21098247,0.7258814,0.2604809,0.5219347,0.45732683,0.62934005,0.7636184,0.6980973,0.61120564,0.71041,0.43909812,0.70853454,0.53715235,0.7424011,0.20245825,0.8955826,0.8086638,0.7978992,0.601707,0.8858834,0.18432236,0.89763075,0.759589,0.5016805,0.2612687,0.17833117,0.67611295,0.60353786,0.45211545,0.3303782,0.5111083,0.48836547,0.5727142,0.21383145,0.67213386,0.16765927,0.8574305,0.80384177,0.43794477,0.53103125,0.5198022,0.75284743,0.4344601,0.73875546,0.5140787,0.3323481,0.25921616,0.5826246,0.544611,0.44823804,0.31123835,0.50679064,0.52726597,0.29189235,0.4587065,0.4462636,0.5200834,0.42034873,0.805083,0.78640276,0.2728418,0.57819235,0.7219523,0.58849305,0.77844244,0.68723494,0.58965707,0.3417691,0.65283173,0.53066075,0.38264892,0.24800077,0.24757107,0.44661573,0.74928486,0.5397049,0.41177186,0.86252856,0.18179785,0.6698785,0.47705534,0.5131711,0.4832005,0.6657073,0.6831596,0.46508098,0.61707234,0.9108889,0.74326134,0.6971165,0.38537928,0.54038197,0.68483937,0.74582684,0.91257536,0.63176525,0.9556705,0.31114858,0.5978445,0.40189353,0.60232055,0.3860771,0.48147836,0.14118044,0.7133685,0.48042324,0.83695185,0.5989821,0.47388023,0.84169984,0.6913038,0.6103576,0.5913466,0.42130998,0.48916852,0.87810904,0.31959608,0.41662833,0.42856842,0.51115274,0.28270954,0.5693751,0.55466574,0.83755374,0.77096254,0.72600627,0.55399394,0.7070193,0.71747595,0.6673996,0.59804016,0.7885594,0.21175085,0.54929566,0.5362437,0.76992875,0.7981487,0.48257473,0.33583513,0.36517906,0.39608118,0.20472527,0.79825777,0.2630355,0.17389242,0.8438799,0.44581348,0.43059963,0.649227,0.34009477,0.48598474,0.5326595,0.6159221,0.59459853,0.7858807,0.48075277,0.2542366,0.6455412,0.50357825,0.7061776,0.2275008,0.63652515,0.5544773,0.3849318,0.47747493,0.39618653,0.34404987,0.37634113,0.7571216,0.47491765,0.8750296,0.80924153,0.48282748,0.7469712,0.49243462,0.5666821,0.8080914,0.7101147,0.8141894,0.32488704,0.31585452,0.36933798,0.73297304,0.63139117,0.8401042,0.67957294,0.61657083,0.6520059,0.2859238,0.42876986,0.5487343,0.6097748,0.61475575,0.2514441,0.7893804,0.733543,0.5803008,0.5443672,0.34864882,0.39845237,0.7557132,0.42806664,0.7214934,0.5411393,0.6343421,0.8063191,0.5434898,0.51194745,0.44417956,0.5094371,0.6338723,0.196792,0.28563398,0.8106334,0.60588646,0.7535196,0.7294061,0.4762263,0.88866234,0.77154016,0.7488172,0.61055285,0.8027621,0.34757936,0.7868533,0.41230783,0.6364938,0.79330575,0.56024814,0.8123878,0.53982073,0.22756623,0.30850777,0.4362904,0.5004074,0.6323314,0.20271122,0.66895455,0.54835004,0.27415517,0.17775515,0.77579737,0.796819,0.7461521,0.55752677,0.3474821,0.40426585,0.78205854,0.6810792,0.36861575,0.5692932,0.502936,0.854593,0.5122155,0.5910077,0.49925095,0.9088333,0.7497862,0.61605155,0.48776126,0.6534562,0.3470196,0.51807773,0.33761832,0.64902884,0.3912011,0.7302601,0.12165437,0.24620205,0.67010385,0.50833434,0.90413976,0.07541943,0.95759314,0.68304354,0.866396,0.63594705,0.3277753,0.7738948,0.6433177,0.615978,0.8707391,0.5211814,0.89343446,0.6503412,0.3311555,0.7149865,0.46073222,0.18267281,0.8374353,0.6790063,0.5933892,0.5718117,0.7548169,0.38747317,0.20772597,0.49440795,0.5906405,0.32451946,0.6466002,0.22932824,0.65213084,0.23554243,0.6264354,0.5199284,0.7253767,0.7179727,0.25641,0.7958651,0.84228224,0.39401028,0.39535943,0.9025375,0.576649,0.33875605,0.50970256,0.8037267,0.45532256,0.770965,0.73681045,0.8398788,0.41580498,0.44824594,0.11587181,0.37017754,0.5021594,0.75103575,0.5802828,0.78357255,0.76395124,0.73448676,0.36958626,0.72638893,0.6170891,0.27911735,0.6752979,0.3339205,0.7425338,0.6700861,0.66658235,0.8211048,0.5421376,0.31152403,0.44481888,0.381702,0.57870024,0.6936545,0.5528721,0.7084241,0.8402501,0.5505843,0.4761746,0.3569833,0.61903536,0.26998633,0.6755758,0.56334376,0.328962,0.5187087,0.81589514,0.15616001,0.7727881,0.4937146,0.68067867,0.8257069,0.33690086,0.76163906,0.64624,0.77270204,0.7912693,0.45079413,0.2498912,0.5219375,0.6129558,0.6579489,0.8092953,0.80426747,0.7138374,0.66055036,0.7856364,0.78580976,0.71761596,0.5320938,0.73999155,0.34745947,0.3313533,0.21444768,0.42099583,0.27822518,0.32129923,0.6343178,0.5897218,0.77525616,0.5747017,0.6629589,0.853857,0.40821597,0.16170034,0.8357523,0.38493302,0.36005527,0.5440277,0.19745934,0.4779205,0.7660042,0.35046628,0.10263159,0.94384134,0.8552292,0.0876049,0.4084993,0.4699366,0.80743885,0.44460416,0.198788,0.53463256,0.5410012,0.58233917,0.62423366,0.72286636,0.30850223,0.7816965,0.77559155,0.5115288,0.31793478,0.53544354,0.47060597,0.69425374,0.7352646,0.4599883,0.6350403
8,0.41987,0.60883546,0.25584185,0.32622695,0.9329129,0.8502685,0.11973039,0.3851412,0.31077027,0.895126,0.89084727,0.42743698,0.52938795,0.72607195,0.8366553,0.7119313,0.24850033,0.38757634,0.085386775,0.4071701,0.49926716,0.14957426,0.40488273,0.66177905,0.70051867,0.72277504,0.68965554,0.14056487,0.42478463,0.45215517,0.42758435,0.760834,0.41666922,0.7075693,0.38707924,0.5026075,0.32146928,0.4164659,0.4511313,0.5723998,0.40621948,0.8956023,0.5693854,0.19283275,0.4098753,0.41428277,0.80571383,0.31234103,0.65245837,0.5211521,0.27411622,0.45443854,0.6569807,0.7395816,0.60941416,0.84160113,0.55042404,0.6978407,0.3699435,0.7711575,0.46652767,0.23625338,0.5624225,0.7191496,0.5313101,0.69019943,0.3658412,0.40179676,0.56157976,0.75152165,0.5766064,0.66519785,0.40734538,0.5374915,0.7710489,0.38106674,0.2938655,0.648551,0.44521615,0.20199993,0.69898254,0.34543926,0.1908146,0.61733586,0.7965975,0.41965425,0.8891644,0.48817837,0.315435,0.26118848,0.6671691,0.42321804,0.80277693,0.27489018,0.11025207,0.7542179,0.6121813,0.31016812,0.8127674,0.36390683,0.825847,0.6142949,0.48697218,0.46217972,0.5942156,0.3165706,0.48708975,0.56605846,0.33670712,0.79455364,0.43785864,0.5679052,0.7731473,0.117515475,0.23967366,0.6606106,0.73959285,0.6885284,0.55577636,0.43317944,0.27255285,0.81712484,0.3820157,0.37208885,0.42607918,0.7647471,0.655712,0.28401622,0.76190007,0.33159012,0.77687275,0.41518745,0.40920487,0.56283605,0.31470352,0.44483805,0.8425391,0.77619004,0.29316512,0.792437,0.48274645,0.32098284,0.48886365,0.19916503,0.8341818,0.8616066,0.49159405,0.29047504,0.45235434,0.80825317,0.38155767,0.5910521,0.73156214,0.66483074,0.70914054,0.70512056,0.7737751,0.20513856,0.15885445,0.58893055,0.5298868,0.20471478,0.6328909,0.48706436,0.84809184,0.73046714,0.2921685,0.46336827,0.42845988,0.63017124,0.5341843,0.8304172,0.24473056,0.36260673,0.5886663,0.8275409,0.4334628,0.4686865,0.6532321,0.66242594,0.59641963,0.8384949,0.19410068,0.49635196,0.35982022,0.6568685,0.50922656,0.41997436,0.53818923,0.8431985,0.41712776,0.57890636,0.32784364,0.922705,0.38538474,0.7780882,0.8816646,0.36998108,0.5023389,0.41647312,0.5308459,0.59221065,0.36525425,0.77991426,0.59985304,0.50626665,0.79758227,0.72903866,0.18394199,0.32587186,0.641156,0.12965398,0.33412358,0.29210874,0.44387653,0.6237284,0.64273864,0.23572916,0.29974157,0.72184104,0.40056506,0.743634,0.7682324,0.6903613,0.5260849,0.07412149,0.22419837,0.6333153,0.46235833,0.6598814,0.59027165,0.8180765,0.684066,0.38193431,0.39524764,0.25768542,0.63234586,0.29969227,0.48949426,0.5697341,0.6224585,0.29552984,0.8452114,0.6425854,0.66286296,0.78320646,0.8572345,0.2246231,0.6987579,0.6256716,0.5248127,0.61251754,0.75001836,0.6229207,0.62246144,0.79888386,0.4763824,0.3417664,0.7712699,0.7791426,0.4763205,0.5394628,0.34794167,0.3703872,0.646822,0.6593129,0.59168917,0.35591927,0.6573869,0.20853892,0.6845549,0.38261104,0.21828927,0.69710076,0.71517617,0.46494162,0.2869361,0.429318,0.39474234,0.79190314,0.8726645,0.8650601,0.82538086,0.4922015,0.3949316,0.5263459,0.460075,0.29311836,0.59315926,0.124636725,0.6440518,0.65337515,0.36877853,0.72299355,0.77142185,0.6958672,0.4873728,0.78140545,0.37815678,0.26166505,0.52200127,0.48624435,0.33889756,0.35686758,0.13162035,0.59276277,0.47593156,0.65717584,0.63929296,0.7556327,0.61549014,0.69086224,0.58964837,0.4922178,0.29925707,0.5496144,0.38381025,0.136236,0.23617747,0.40745786,0.7011427,0.21513073,0.27586952,0.7635875,0.61749786,0.6970827,0.61400366,0.4417152,0.5034592,0.8668338,0.55351853,0.9152217,0.52086204,0.44627634,0.6223708,0.6867967,0.73279464,0.71894187,0.6792376,0.49836326,0.36263064,0.65642023,0.20782231,0.6167236,0.5534543,0.2374171,0.15602426,0.650292,0.5784047,0.52809465,0.49855384,0.6440142,0.40808752,0.8437402,0.6366355,0.36816147,0.45663095,0.8062116,0.7360222,0.6720657,0.42331156,0.78663796,0.5481542,0.43822286,0.54446316,0.87801397,0.03801547,0.51694554,0.6692209,0.7207848,0.310073,0.5691917,0.34397757,0.7988393,0.40746376,0.4211426,0.39452538,0.64721376,0.7113926,0.33711377,0.33740935,0.3649195,0.5808619,0.64724404,0.49851105,0.31501296,0.33224317,0.49441442,0.6580169,0.43637878,0.68261,0.8212819,0.19131893,0.54450834,0.76277614,0.4185278,0.9155411,0.7036138,0.4329961,0.6508702,0.27370143,0.9218375,0.3556173,0.54004,0.53262967,0.8865962,0.7107991,0.36224172,0.34003693,0.10523507,0.11981417,0.6619982,0.38057283,0.089510895,0.784736,0.74254775,0.85131806,0.17533474,0.5099886,0.11852043,0.46789673,0.41718262,0.24935673,0.64277065,0.71589893,0.8583097,0.34314084,0.8035544,0.24499686,0.35768366,0.24506092,0.69364154,0.5800063,0.6421412,0.4837665,0.7130859,0.16581382,0.5292578,0.56203485,0.39372313,0.65612364,0.7550606,0.72394973,0.4775904,0.67014927,0.71600175,0.36618748,0.38645667,0.28674775,0.36760172,0.5395393,0.15946792,0.42431477,0.7119378,0.5329575,0.7746942,0.5767392,0.89019644,0.32817763,0.59770775,0.396488,0.32671064,0.47470066,0.84755856,0.41299742,0.13575049,0.57839817,0.6998562,0.31611297,0.29362735,0.8346957,0.68780446,0.88363147,0.52796537,0.3821231,0.40901524,0.4268852,0.29334936,0.70613354,0.8761608,0.52353096,0.47525725,0.58888125,0.7870299,0.22531052,0.80151623,0.117987074,0.21271983,0.35878044,0.35149765,0.7188567,0.65743107,0.6461103,0.7164467,0.6028682,0.2737062,0.54691064,0.625097,0.7594142,0.7457609,0.49648792,0.58512115,0.60497224,0.82904875,0.4988168,0.820447,0.64239526,0.5930853,0.7196656,0.5303405,0.6467927,0.7824631,0.25757796,0.19772045,0.45960972,0.18215036,0.7625714,0.59333724,0.41533452,0.8035703,0.2677879,0.873851,0.61462474,0.4079456,0.6601818,0.38265172,0.8911028,0.58645254,0.19470677,0.59363365,0.115637556,0.35008785,0.58244157,0.3341942,0.8135602,0.71596265,0.7509657,0.39865953,0.48935398,0.586519,0.5109993,0.50000846,0.46022058,0.738867,0.5676069,0.72539634,0.86285037,0.30877757,0.39623666,0.26156574,0.19522767,0.8040301,0.5443893,0.3144321,0.6787112,0.56610274,0.37610796,0.5015858,0.2743295,0.36087528,0.6629271,0.5207156,0.22978403,0.69971156,0.8461326,0.77457994,0.8622424,0.7257996,0.8011784,0.22342025,0.24156804,0.06535762,0.753933,0.23100097,0.74291945,0.7450057,0.7835456,0.88341933,0.7241399,0.1525393,0.34805584,0.75210327,0.41004327,0.79015553,0.5293582,0.44199663,0.37908706,0.18574782,0.5739608,0.3928444,0.5340694,0.4596471,0.7355043,0.5964181,0.6225447,0.7569818,0.764283,0.47573918,0.34675774,0.3241908,0.5538192,0.47025177,0.24633253,0.7204534,0.4987882,0.4684877,0.15572073,0.27318975,0.44568053,0.48917976,0.7267145,0.3975937,0.71593016,0.3941229,0.61628985,0.5020937,0.82773143,0.624881,0.68486196,0.43522358,0.7803849,0.7048591,0.5766557,0.5762993,0.5632041,0.28981146,0.26656398,0.49273846,0.75114024,0.12513013,0.62212753,0.612424,0.6808286,0.72658837,0.07200816,0.22388573,0.6033299,0.37061182,0.68784195,0.786135,0.44905394,0.43325752,0.3474602,0.5583062,0.59977865,0.7603374,0.84256345,0.56075925,0.16584693,0.49432755,0.8058026,0.6107331,0.8521551,0.44148254,0.43096498,0.4919782,0.58113074,0.47111225,0.52850366,0.5378171,0.5480996,0.83812284,0.64592427,0.50275403,0.7898834,0.5628797,0.6166103,0.39523816,0.488976,0.1938246,0.2588167,0.5943221,0.8889464,0.38851494,0.49568126,0.44904074,0.5586072,0.2799805,0.6970698,0.3419656,0.5535076,0.87995595,0.7819237,0.6196641,0.37813202,0.892594,0.65188706,0.7009913,0.43273216,0.5211308,0.25798124,0.6537234,0.48649928,0.13806863,0.34361827,0.39696455,0.4490656,0.5166389,0.7944582,0.4850885,0.35061818,0.2787398,0.88526565,0.8043566,0.41458973,0.39536232,0.5095931,0.7166516,0.5759129,0.74327385,0.61504656,0.64822626,0.822795,0.26457432,0.55731344,0.38161165,0.93395084,0.2864752,0.3437803,0.76099074,0.52410996,0.62622386,0.81536275,0.30558077,0.5381534,0.32022837,0.37600172,0.56600136,0.51492685,0.78071594,0.8902458,0.4421112,0.23071004,0.06940306,0.61690485,0.6104937,0.3040103,0.69127256,0.29566547,0.9099068,0.40299535,0.8459743,0.70401114,0.17094807,0.3182892,0.28326446,0.5206208,0.49525166,0.846184,0.41844848,0.44351184,0.46745813,0.56645393,0.6862194,0.3479464,0.4381478,0.3315674,0.40943918,0.7213185,0.5741437,0.48260438,0.3078216,0.37452284,0.7014094,0.4487313,0.71094227,0.17837262,0.70787656,0.42477733,0.31574973,0.714937,0.16862136,0.3120857,0.26984674,0.78250533,0.64990413,0.69242334,0.2300546,0.390454,0.74034536,0.76871395,0.74213916,0.43931797,0.5868395
9,0.5479905,0.41639388,0.76029634,0.8364767,0.41526422,0.44333014,0.5826626,0.49950933,0.53725797,0.36944818,0.5157752,0.68182147,0.7452707,0.39705935,0.5924482,0.6725194,0.40334988,0.29302207,0.41257757,0.74792534,0.60271907,0.6840885,0.34904936,0.6678474,0.52913404,0.41167864,0.547965,0.70253915,0.732503,0.6843783,0.52983594,0.3048583,0.6091527,0.44256517,0.49322054,0.6698101,0.5590258,0.5968584,0.19930553,0.27445066,0.62636405,0.458405,0.65097195,0.5783335,0.87371975,0.2918314,0.866055,0.44469154,0.31465963,0.72141516,0.49460128,0.5176032,0.5943987,0.6851501,0.744796,0.37208253,0.7473089,0.46373972,0.3394571,0.5187216,0.72288716,0.7853058,0.7069527,0.30870557,0.5739366,0.54198146,0.43111554,0.1619049,0.2524734,0.1668037,0.8624058,0.73173106,0.75689024,0.68058115,0.55371904,0.7155295,0.83305687,0.4406187,0.2902596,0.7577284,0.38925028,0.35899398,0.7785872,0.46199405,0.49685568,0.62382746,0.19504926,0.51872015,0.761625,0.6489611,0.4749071,0.60075974,0.44065058,0.78491074,0.56972206,0.83507717,0.5791169,0.54728496,0.59062725,0.3624836,0.6152826,0.22335757,0.33864745,0.64009416,0.58022434,0.32793128,0.3555067,0.34139413,0.6693989,0.8525028,0.7836666,0.6386097,0.7573832,0.77795744,0.48199221,0.3086367,0.7409317,0.76142466,0.2594762,0.40072244,0.15110455,0.42679343,0.5226737,0.3919678,0.6189689,0.5955903,0.39075574,0.2613799,0.34731483,0.62680554,0.36822927,0.8207195,0.7632653,0.69430083,0.7977532,0.51092124,0.7009153,0.38322085,0.37802356,0.78443485,0.67860276,0.6930621,0.94104135,0.5990842,0.60370165,0.7392196,0.5535437,0.6706637,0.6304119,0.57242316,0.24475604,0.41258562,0.32389924,0.48294747,0.06588079,0.5522627,0.58185184,0.46980748,0.36130893,0.68348044,0.24666317,0.6914216,0.5762612,0.51779586,0.73013484,0.6466061,0.2729858,0.37414375,0.42619202,0.23089641,0.6350656,0.74256927,0.4273061,0.3617364,0.5174725,0.58219504,0.40630606,0.6035562,0.57893,0.49861345,0.6990401,0.48420504,0.4192191,0.282285,0.523648,0.24959938,0.8154048,0.5458482,0.7016728,0.74087,0.6112377,0.54923105,0.64247984,0.29428485,0.86119944,0.27424663,0.5774816,0.8609772,0.4335707,0.31494474,0.95000404,0.66579896,0.47830474,0.49871776,0.4765693,0.4075298,0.45576656,0.56016487,0.67815536,0.54675996,0.5583717,0.40885815,0.5738103,0.40394562,0.37641665,0.73799634,0.6612778,0.671722,0.44668835,0.6183018,0.4763799,0.6658626,0.44183388,0.14028433,0.30273107,0.530892,0.57162374,0.33952367,0.7050792,0.8001493,0.5430961,0.7122152,0.07337629,0.7073494,0.6586994,0.39167345,0.7639133,0.7636905,0.66691154,0.8092723,0.40684128,0.61720604,0.4007121,0.29118714,0.5890718,0.5756814,0.7918586,0.7317787,0.3762284,0.19254963,0.17327568,0.36480585,0.18417308,0.5322305,0.18728338,0.7744443,0.9255917,0.6901368,0.79546636,0.8270483,0.3424384,0.80272883,0.3598984,0.23922925,0.61271423,0.57955885,0.71330523,0.91095746,0.6843873,0.5647342,0.5440276,0.22125246,0.4232439,0.6829382,0.43914112,0.90910244,0.5333984,0.5088854,0.4199011,0.28676382,0.460225,0.30538028,0.11413984,0.6616751,0.78956985,0.7974679,0.4231849,0.8446612,0.56837815,0.32865575,0.629112,0.36647946,0.76387167,0.34270808,0.28465056,0.14862712,0.65561825,0.5379606,0.8907941,0.59717834,0.76804566,0.68391204,0.5631275,0.42431933,0.5594884,0.37107882,0.8234051,0.8979142,0.5901779,0.40212387,0.4543567,0.87875015,0.66250974,0.59381837,0.4213283,0.32370636,0.85916317,0.6880449,0.23358117,0.6227032,0.32311025,0.650253,0.74582,0.4784944,0.689254,0.2435803,0.7314487,0.43016368,0.60788095,0.42847985,0.7855226,0.057248455,0.80178577,0.60813755,0.76926214,0.38837183,0.44586465,0.55762565,0.72566015,0.785665,0.6176979,0.7589728,0.5743929,0.6529931,0.36807746,0.6540665,0.61477244,0.4236247,0.5315942,0.5648386,0.7593812,0.6431565,0.48576298,0.20862521,0.48770842,0.62450683,0.19090064,0.30178598,0.5134776,0.6300693,0.42231685,0.6557052,0.4468106,0.3871314,0.62955797,0.5438651,0.5171116,0.5772183,0.5937317,0.3526635,0.70761746,0.68840563,0.5107185,0.5732791,0.5077509,0.2757691,0.31534278,0.40756884,0.77473754,0.8184235,0.82021344,0.59332335,0.7296832,0.34496275,0.5729605,0.67784166,0.4854164,0.6583483,0.553744,0.69948286,0.6575667,0.13235895,0.5814276,0.8347051,0.48123145,0.5893231,0.19114786,0.51626855,0.28762794,0.56995904,0.86138815,0.48478538,0.2810321,0.24340911,0.46752903,0.35482845,0.6329882,0.7710953,0.7572746,0.510917,0.95269585,0.62008667,0.5089795,0.7041718,0.32640538,0.22976902,0.7169931,0.17386654,0.9125048,0.6997933,0.48628512,0.90998286,0.7882081,0.6993192,0.37645677,0.558392,0.43482757,0.6141371,0.6253073,0.2764052,0.2699772,0.53152543,0.7411965,0.2496839,0.43437085,0.53874743,0.5839222,0.40221813,0.59794974,0.5818937,0.4236705,0.47812966,0.71535,0.38296753,0.41225287,0.5557153,0.47453696,0.5963558,0.6988099,0.6809541,0.5953168,0.20638369,0.5345688,0.61417156,0.5057315,0.8752599,0.80914325,0.12570988,0.64667594,0.90130407,0.8984581,0.2793525,0.19863535,0.3031972,0.5783181,0.698375,0.10662305,0.55520123,0.55012304,0.6831113,0.7218643,0.43329784,0.5312477,0.32931647,0.3978416,0.8590903,0.8877821,0.40160182,0.608181,0.43940642,0.2114522,0.4579177,0.9520266,0.7525084,0.6817263,0.18845066,0.57398075,0.38524944,0.56431156,0.3159619,0.5788218,0.71484876,0.69709975,0.6867837,0.58755285,0.12746353,0.47934672,0.5923207,0.39555308,0.7774479,0.65122634,0.53602207,0.3991141,0.7650061,0.8470687,0.50512815,0.37506008,0.6359667,0.39046523,0.4116013,0.7401603,0.6816175,0.721076,0.28655937,0.6095878,0.15403381,0.19277215,0.5079035,0.89634645,0.7717172,0.42789182,0.46445277,0.38962632,0.32058665,0.8434599,0.5088885,0.42001128,0.3013799,0.74676406,0.84019274,0.32731035,0.6048631,0.5253237,0.63852066,0.24523439,0.5826016,0.3206206,0.51812655,0.42720214,0.80009556,0.7789168,0.66374785,0.3736801,0.743365,0.7314939,0.622885,0.41928783,0.86169195,0.48153505,0.5780975,0.64884526,0.4552848,0.5094336,0.63577116,0.7739312,0.5316895,0.6587114,0.54259616,0.6502732,0.6239557,0.31952628,0.8374298,0.6502984,0.61121917,0.6011108,0.4444103,0.24117276,0.579465,0.41596544,0.9539271,0.77379227,0.60536736,0.34171346,0.79017794,0.71958697,0.14088468,0.65259045,0.485786,0.694902,0.8100738,0.37543246,0.49742317,0.5238136,0.66718274,0.5663639,0.51833045,0.5989403,0.6631291,0.18679176,0.5404367,0.6017838,0.5300137,0.85258174,0.61317366,0.38896337,0.48797742,0.4037569,0.14883094,0.250802,0.29148212,0.7693479,0.59891593,0.45479795,0.53767365,0.57835454,0.67299837,0.64810735,0.6564674,0.467402,0.8631606,0.62912256,0.75059086,0.69350344,0.45891935,0.6903464,0.5287847,0.78918475,0.77065647,0.70324874,0.56165427,0.5466033,0.65759057,0.48412293,0.55761033,0.7255956,0.52094966,0.6803477,0.8732179,0.18780005,0.7434297,0.8198491,0.23029369,0.4794207,0.30255306,0.1998988,0.22079654,0.5200546,0.12960397,0.586577,0.51165056,0.46411842,0.64717644,0.3283827,0.7167043,0.5500126,0.37712395,0.61628306,0.46525407,0.42925695,0.6435235,0.7381684,0.84702784,0.50124824,0.7775973,0.46016312,0.53951466,0.3666127,0.6384104,0.68284076,0.29176205,0.71411955,0.22438821,0.7315372,0.77003306,0.25105768,0.83389837,0.5949078,0.6028134,0.40824506,0.7597134,0.51920265,0.40153423,0.57719594,0.1838105,0.29315922,0.5586795,0.3985988,0.760249,0.59187984,0.75447387,0.25568214,0.89734566,0.5448641,0.6706858,0.51369154,0.61927485,0.64926976,0.1535572,0.36935386,0.20443107,0.8642822,0.29377273,0.83648604,0.3275975,0.49108812,0.48195356,0.6054385,0.6002229,0.5601208,0.8619554,0.67215806,0.71319705,0.3399211,0.4021416,0.2197575,0.59427226,0.74927026,0.630003,0.29334706,0.7434451,0.4384367,0.7778874,0.6303965,0.8257231,0.6988658,0.66234815,0.16825987,0.40000427,0.56763947,0.44518885,0.35520926,0.4828231,0.756702,0.7902665,0.45727095,0.8159214,0.30606008,0.6440371,0.71675587,0.5191453,0.6153494,0.24364237,0.6951444,0.47013187,0.100190535,0.1936414,0.5524657,0.6535017,0.37856007,0.5807365,0.89351285,0.45300543,0.4876458,0.88928354,0.544026,0.74592775,0.6044996,0.7720458,0.73549724,0.46445823,0.7470002,0.60044575,0.8066641,0.52237564,0.8069947,0.32523975,0.3448688,0.39208198,0.74714875,0.6879596,0.38181505,0.39521822,0.6758784,0.80806714,0.6001806,0.73435783,0.7540868,0.5618132,0.3502609,0.709078,0.45563686,0.44985542,0.33697864,0.4585756,0.66069126,0.6496876,0.63693225,0.567888,0.3251404,0.52421534,0.6973932,0.69635093,0.37053835,0.4843217
10,0.7128533,0.43900037,0.70659786,0.5429493,0.028454935,0.15266958,0.7100524,0.5558056,0.60298187,0.6352472,0.37376183,0.6764505,0.93098825,0.40542316,0.6582046,0.40372112,0.8782123,0.6008966,0.78302765,0.46471635,0.6806133,0.6348502,0.48535916,0.69891536,0.46512666,0.3915663,0.7020998,0.6074198,0.5673414,0.19433029,0.8062906,0.6498249,0.48516503,0.5831545,0.63427657,0.5575746,0.17683643,0.34687725,0.63694257,0.7018544,0.7448189,0.6002564,0.47108147,0.46755275,0.14666884,0.5339564,0.65956765,0.36158708,0.7657049,0.7825353,0.62657666,0.7596265,0.43013135,0.5822574,0.5716939,0.52244,0.36201304,0.493302,0.5154785,0.8233851,0.33366406,0.17997438,0.5483293,0.83480656,0.19869988,0.22544926,0.55640787,0.86056757,0.78579426,0.6819195,0.4912105,0.1399944,0.21860299,0.41837308,0.45215592,0.5570456,0.5491119,0.26196894,0.8851983,0.45712623,0.56035596,0.78454375,0.47760788,0.6257034,0.24484856,0.3567322,0.7482254,0.38194278,0.7514423,0.51013875,0.63514423,0.13149227,0.818177,0.164337,0.43718338,0.23210841,0.5422565,0.58037806,0.79195666,0.6431998,0.67048806,0.45636663,0.64930904,0.6262033,0.83050346,0.49851495,0.16551957,0.638761,0.6390698,0.35926488,0.87536585,0.24875224,0.3223787,0.50873286,0.64755666,0.43174845,0.46991917,0.32950437,0.49258366,0.666359,0.61572856,0.55171233,0.33994782,0.8765482,0.68626183,0.81991345,0.43614686,0.13228242,0.6487959,0.32594308,0.6702448,0.8438087,0.34167773,0.7010701,0.59475386,0.50584114,0.1724605,0.56610644,0.84752613,0.46399653,0.35611796,0.4216537,0.58515304,0.56327236,0.2761568,0.28967538,0.49998283,0.32589993,0.5302776,0.52545047,0.65973264,0.7508456,0.6865706,0.7416956,0.61075443,0.37896964,0.3924343,0.5882556,0.56194586,0.4240422,0.64567924,0.4004547,0.7774719,0.6880267,0.52673817,0.4017512,0.80729324,0.8107658,0.7585701,0.48451155,0.73709345,0.6334014,0.27537346,0.36811832,0.65022165,0.57847863,0.35706788,0.34157082,0.44673732,0.39201975,0.18654175,0.49604997,0.6346428,0.6258446,0.66227424,0.521006,0.57329404,0.5622797,0.25539097,0.630785,0.41450122,0.5937109,0.21219775,0.76017123,0.5748456,0.7387234,0.4163209,0.6259683,0.16889457,0.7978666,0.7980023,0.7601747,0.6790582,0.77669036,0.43886694,0.8133228,0.71156,0.86845094,0.25940362,0.38773504,0.34554148,0.25707814,0.16352823,0.3819238,0.13451742,0.7146631,0.76012087,0.080660224,0.44474658,0.27515256,0.745434,0.7206963,0.28832865,0.643523,0.72474927,0.46082604,0.6396547,0.8749817,0.17859209,0.43108523,0.9089506,0.50229585,0.8327597,0.08067287,0.3383435,0.750804,0.5141469,0.49609,0.4600325,0.3492298,0.38362658,0.54501957,0.2885566,0.3784966,0.78300065,0.7930303,0.73456347,0.36560392,0.64869267,0.5152105,0.37676352,0.84209216,0.5415903,0.53703994,0.28155714,0.29954657,0.46523455,0.64621603,0.3759553,0.47651678,0.4667144,0.88995737,0.4994766,0.25215036,0.7196294,0.65218866,0.92892057,0.17579761,0.4000127,0.56971526,0.30472234,0.80541396,0.385162,0.096964434,0.6256514,0.5419987,0.35403126,0.43714523,0.7572675,0.50326455,0.29777473,0.1343727,0.84517074,0.44516197,0.60730517,0.77344817,0.6803563,0.47328407,0.59492695,0.73997235,0.7290754,0.8049205,0.79459876,0.5047566,0.6291666,0.10999913,0.6729203,0.08283285,0.60123307,0.6942955,0.36033428,0.58104515,0.27756265,0.6667244,0.5262966,0.75364023,0.33671162,0.29678538,0.80642146,0.8423937,0.5040674,0.17671637,0.7222552,0.5742597,0.69620943,0.7424615,0.30162036,0.66355044,0.46653536,0.614385,0.6785386,0.8329779,0.550357,0.42492047,0.34048524,0.47117677,0.5677814,0.53788894,0.43035504,0.3287533,0.7904783,0.4271898,0.22389248,0.4308553,0.41049096,0.6165095,0.44491768,0.6525455,0.41860333,0.70908517,0.6725721,0.11737342,0.452967,0.65727293,0.69841546,0.62618345,0.6214735,0.21161282,0.25861242,0.8315559,0.8085643,0.72408646,0.6960453,0.34355593,0.27014244,0.8247371,0.46683425,0.30524543,0.7522693,0.42528754,0.31932458,0.7579003,0.71566105,0.7591881,0.7101456,0.5681754,0.42650318,0.31663242,0.5935282,0.6583229,0.74860656,0.5574955,0.18719395,0.37447163,0.21836394,0.30933738,0.6307065,0.43196535,0.80292815,0.7172427,0.62863564,0.65151775,0.63023573,0.34248435,0.45361394,0.51018006,0.85042566,0.6681383,0.15664153,0.5131906,0.4655951,0.47124994,0.8143876,0.20384523,0.79625434,0.4478429,0.36326432,0.54834723,0.17274788,0.2998725,0.6504825,0.19046481,0.60963637,0.70907116,0.6293564,0.6269207,0.3090768,0.4734855,0.79195,0.3182921,0.36293682,0.54859936,0.34056157,0.63076615,0.65337384,0.33741722,0.69575626,0.66617537,0.71751213,0.80881214,0.40706834,0.6560543,0.30204305,0.7931454,0.7438664,0.7043051,0.55243754,0.9044326,0.100275725,0.71002287,0.18958251,0.50622404,0.87017715,0.92924166,0.2423883,0.61652434,0.041508008,0.8245531,0.5218978,0.3476758,0.15000422,0.35146177,0.8111639,0.46381366,0.2480325,0.797409,0.10016667,0.85132617,0.34778616,0.6484124,0.53028846,0.591556,0.3156333,0.493365,0.551281,0.35231993,0.4812711,0.47436425,0.6742894,0.4426511,0.4709758,0.5030483,0.79367125,0.4956877,0.63968134,0.5771276,0.5208761,0.6215679,0.6153832,0.50441,0.4698063,0.6133076,0.35015443,0.6865287,0.46311656,0.32642385,0.52548856,0.7896599,0.74279565,0.6722236,0.41616863,0.41983032,0.58669955,0.16584472,0.54581267,0.119929805,0.4770904,0.2554074,0.37805292,0.557906,0.5775395,0.16768381,0.62346405,0.63814056,0.5141148,0.6209506,0.92613256,0.47506326,0.37433013,0.338456,0.6138172,0.16578935,0.76417595,0.6197879,0.37424782,0.7121975,0.94451094,0.58491856,0.31293806,0.5089969,0.8193313,0.6096435,0.67787206,0.19044074,0.5691348,0.8101665,0.58888125,0.36624038,0.24873875,0.51748675,0.15509924,0.66844255,0.22791795,0.6046125,0.58843815,0.47906038,0.7237806,0.5331576,0.6197696,0.4231382,0.4295947,0.406443,0.8170008,0.20849115,0.8583173,0.65404624,0.51120687,0.45075014,0.47848317,0.5656164,0.8949888,0.27912512,0.286352,0.17540023,0.44943196,0.273351,0.14994541,0.5861944,0.612223,0.4492977,0.36662823,0.77662975,0.4616597,0.86240137,0.73559135,0.6095468,0.5710678,0.48401108,0.65548354,0.4193117,0.60328144,0.40440512,0.19587171,0.8643536,0.4685724,0.81200427,0.5514319,0.1828173,0.7056433,0.55110997,0.6994845,0.67944133,0.6633424,0.52777076,0.83463883,0.49409136,0.4877321,0.33017856,0.41779655,0.06729425,0.9391014,0.3533111,0.28119782,0.28770784,0.67304575,0.2224093,0.7101342,0.83015704,0.5243312,0.20289424,0.36983597,0.3273675,0.3831027,0.2602156,0.64022654,0.89289546,0.3707503,0.74214727,0.3254891,0.84138185,0.2048078,0.46848574,0.3855647,0.14799643,0.7564105,0.18467952,0.3826424,0.5893199,0.7314736,0.776798,0.46717045,0.11746032,0.89253557,0.45046037,0.87315494,0.84379566,0.30081734,0.7307068,0.104196504,0.88445646,0.51782185,0.6267122,0.41559985,0.83900476,0.19647175,0.49818757,0.88786846,0.75305116,0.38695797,0.75205934,0.6951086,0.20237233,0.11631276,0.33865464,0.54386103,0.66612905,0.68078285,0.31770965,0.5838014,0.29861715,0.105475135,0.5344997,0.6780031,0.7101553,0.57802033,0.3792933,0.6814321,0.6135414,0.7962672,0.7541542,0.6107557,0.32845172,0.46003905,0.41584763,0.6399372,0.7671711,0.55205405,0.20551932,0.30456257,0.712108,0.4128747,0.56906515,0.37922016,0.8091489,0.7619211,0.69237167,0.8240011,0.48456886,0.81041044,0.52426517,0.1212973,0.38514397,0.87443954,0.17587693,0.38742763,0.6925267,0.42522413,0.5376499,0.75209755,0.63654864,0.8307147,0.7036614,0.32210228,0.4672756,0.21724668,0.54135764,0.69662845,0.34469292,0.3417363,0.45273083,0.5314373,0.58824444,0.57748795,0.5538002,0.29265788,0.61477405,0.7672144,0.3619742,0.4867198,0.5491004,0.14149731,0.38402677,0.52034646,0.9353685,0.6242769,0.52511865,0.4986585,0.55299956,0.3327299,0.070643045,0.47666624,0.6152201,0.86944157,0.14422046,0.099870734,0.6334511,0.3591077,0.75477326,0.49138868,0.70963013,0.94435436,0.8011778,0.8314465,0.42574668,0.76087826,0.54963744,0.3292263,0.6840039,0.7422277,0.64984447,0.8083699,0.3574581,0.55470073,0.59613943,0.50806975,0.53368074,0.62382215,0.36823747,0.40815726,0.52628845,0.46326628,0.50556177,0.32718545,0.10196211,0.52049327,0.36085534,0.8379168,0.44166312,0.8680264,0.6561978,0.25435743,0.79999167,0.19322127,0.51631576,0.5356834,0.4961089,0.5198944,0.7837124,0.5924178,0.39053002,0.58941644,0.52880853,0.43495342,0.2370062,0.64058363,0.5411529,0.15328625,0.69015545,0.567751,0.4381614,0.11327912,0.60086924,0.38086888,0.59033024,0.61896384,0.88053703,0.6194322,0.77971053,0.6324442,0.59511447,0.72123986,0.19221416,0.78994197,0.5106419
11,0.48479086,0.32525513,0.8647491,0.5939006,0.33431622,0.43687844,0.76547384,0.3568235,0.44785964,0.507009,0.559702,0.8527022,0.7519474,0.64849806,0.39085025,0.68479896,0.66925836,0.43582782,0.49011979,0.47579768,0.68153256,0.81559324,0.35411897,0.8205622,0.124407254,0.58350784,0.79207253,0.5257371,0.47562245,0.26802137,0.68507916,0.22437702,0.77052844,0.64809847,0.41418973,0.16461426,0.27159706,0.8299322,0.27855858,0.6843776,0.79753613,0.20687336,0.81606424,0.90344596,0.8462034,0.58610773,0.680244,0.30198127,0.5186609,0.57120585,0.694651,0.911034,0.7242859,0.62117165,0.43245205,0.3050501,0.5375076,0.71004355,0.8177128,0.6108861,0.7436903,0.9085663,0.6253369,0.5394009,0.7321856,0.11851054,0.8595116,0.10293486,0.3383023,0.5379408,0.15202852,0.27692023,0.29692292,0.6507493,0.19099507,0.60147583,0.4008532,0.28842983,0.36996096,0.5437085,0.7254418,0.4571846,0.5739992,0.72025347,0.8203406,0.70994693,0.6206505,0.25344998,0.598911,0.6480568,0.7169728,0.73226213,0.31545225,0.83217096,0.49469772,0.73415667,0.7807247,0.782379,0.24162528,0.92155325,0.42980894,0.66211426,0.4492938,0.29112184,0.37815544,0.5391936,0.7801744,0.84440756,0.4569047,0.33181298,0.35765964,0.43879762,0.82732147,0.5522214,0.37083015,0.2875871,0.3385529,0.6233624,0.7451919,0.6773017,0.7757418,0.53864163,0.38365552,0.7889013,0.75938207,0.35784853,0.51940006,0.375431,0.49593067,0.6649552,0.9005262,0.51030076,0.591147,0.69941425,0.4968229,0.7141014,0.38689378,0.46894002,0.61096483,0.4922602,0.6504033,0.8655359,0.8324417,0.59216404,0.365378,0.06889588,0.27881995,0.24616228,0.7795266,0.6707217,0.7502817,0.7780061,0.6241936,0.75247794,0.45899382,0.36952683,0.49929255,0.45965007,0.30144405,0.91641647,0.6001665,0.68965447,0.47694495,0.388553,0.5195656,0.64773256,0.81980723,0.6952192,0.61411005,0.7351815,0.32521108,0.56437284,0.37194413,0.27020666,0.46749339,0.8717154,0.5523417,0.8392756,0.64868087,0.20732746,0.48306093,0.7565414,0.56185144,0.67010707,0.30256987,0.72083306,0.6297818,0.60961676,0.53997034,0.70787245,0.5950865,0.5192761,0.5579523,0.6410567,0.7343215,0.7441736,0.1994399,0.62261146,0.36749756,0.80453515,0.64964837,0.6905738,0.31766132,0.32172665,0.6501535,0.6371022,0.6466539,0.65350264,0.62007064,0.6023542,0.7784877,0.5182334,0.43026057,0.28158182,0.6126549,0.6546427,0.8290654,0.27066004,0.19269247,0.46172124,0.6644865,0.6929989,0.3885371,0.46310335,0.62709665,0.52878565,0.68971515,0.7270287,0.42091063,0.17510995,0.39900938,0.49022105,0.26870832,0.840228,0.5303925,0.7166127,0.14457892,0.39079213,0.6649679,0.5956673,0.5616282,0.22141682,0.79063845,0.7875338,0.5560276,0.40555698,0.24014264,0.8032392,0.70817643,0.7197891,0.5000947,0.47117922,0.6895147,0.39058313,0.29459226,0.516186,0.9075973,0.8644793,0.30980986,0.7645845,0.7085765,0.7262456,0.5667178,0.40111226,0.37228048,0.62100226,0.6425694,0.06450907,0.1966703,0.37511414,0.26972893,0.48557132,0.74381423,0.17627656,0.7646674,0.31341276,0.7797922,0.7049989,0.709261,0.38768855,0.74923533,0.4965636,0.87511724,0.7828031,0.08791891,0.17642914,0.81849635,0.39901394,0.70996886,0.42633533,0.3176553,0.12137094,0.22935049,0.43372843,0.8042102,0.5419469,0.63629085,0.49580154,0.9015799,0.5831704,0.40817925,0.5221817,0.7750886,0.6308359,0.38899446,0.39159343,0.8639374,0.3797287,0.8387877,0.27204055,0.1601553,0.50487447,0.41894066,0.54140764,0.5602161,0.75400126,0.5775947,0.47991988,0.58903724,0.61547345,0.72332716,0.80254406,0.597209,0.90632755,0.5121519,0.6585177,0.5238838,0.3519455,0.20741412,0.60602474,0.7891678,0.79133904,0.29219246,0.931205,0.4669174,0.4922544,0.8049365,0.2435531,0.613734,0.77372694,0.57872224,0.4190787,0.19360009,0.84641147,0.6063965,0.84475017,0.37653878,0.33333376,0.38914806,0.24072888,0.69641995,0.3797225,0.86062753,0.21396013,0.62272084,0.45245978,0.54165745,0.41023383,0.68351257,0.5252384,0.7504461,0.6247687,0.5943014,0.2377501,0.49240148,0.18100615,0.8770188,0.6131904,0.25129765,0.32620543,0.43917713,0.403998,0.4140935,0.84052783,0.70624894,0.40072015,0.6021205,0.5879998,0.15308712,0.5752675,0.6253877,0.6346715,0.44608715,0.84619707,0.7582459,0.42546758,0.5544661,0.4465369,0.86904776,0.4565535,0.81070197,0.46056026,0.6890286,0.9136283,0.50734603,0.5550126,0.24298438,0.25193983,0.62174875,0.5332472,0.5442196,0.82059836,0.45961812,0.49472508,0.57369804,0.81991184,0.7095181,0.7605976,0.6387432,0.69782805,0.8467411,0.62772155,0.480445,0.5527392,0.12613997,0.7992451,0.42912805,0.6286145,0.31407902,0.7447525,0.40215534,0.25200316,0.49372274,0.35201934,0.9644648,0.95667493,0.11660392,0.7536944,0.31041235,0.8658441,0.3044009,0.680771,0.82632416,0.06427388,0.7023264,0.715886,0.49948812,0.15822601,0.27998918,0.47623223,0.5526343,0.15306205,0.7693933,0.85763115,0.7647601,0.28372958,0.5966697,0.30441612,0.18349966,0.25310677,0.1354773,0.8564093,0.6119444,0.261842,0.7411837,0.6718828,0.24974544,0.7161444,0.70681226,0.39473864,0.3653473,0.5745541,0.61285704,0.45100382,0.42194086,0.31340286,0.884466,0.4359533,0.95434177,0.41818196,0.49486366,0.61871743,0.2394786,0.7807523,0.7797404,0.6601982,0.5379154,0.5069888,0.22683147,0.58507603,0.7561451,0.80507225,0.39750883,0.16826993,0.8032461,0.5167351,0.4705539,0.83293283,0.66734314,0.26788124,0.3824583,0.8577144,0.47161424,0.5974248,0.5097558,0.78765124,0.80558014,0.67193305,0.50435954,0.21257456,0.5741641,0.35552192,0.9410842,0.7386612,0.8416176,0.6230982,0.78058106,0.5678471,0.4821622,0.36162618,0.47356483,0.77839863,0.31996703,0.3415149,0.37125,0.77219653,0.20306817,0.7831887,0.7888049,0.38937357,0.25152177,0.45294076,0.9175283,0.4681425,0.23911995,0.5117009,0.3227479,0.7938887,0.14851016,0.8965392,0.68898326,0.6414147,0.26320666,0.4597943,0.30759946,0.92619044,0.5302808,0.50081325,0.2522138,0.3623411,0.54211134,0.49546763,0.5270125,0.41379714,0.3188408,0.7706051,0.5313429,0.47616374,0.48562992,0.3764239,0.6186678,0.8410634,0.6523667,0.6841375,0.40920535,0.3958267,0.74906754,0.7447485,0.7112778,0.69698775,0.21974021,0.4747748,0.28588468,0.5949134,0.6639387,0.64959013,0.3965795,0.7209584,0.2224674,0.4607259,0.55236775,0.48279202,0.6555659,0.7208035,0.38149536,0.8660911,0.57669795,0.4173553,0.78477705,0.19014588,0.76158106,0.5842989,0.5829944,0.84205776,0.6767818,0.46333024,0.5024701,0.67943287,0.8102579,0.4454312,0.19543259,0.75489205,0.7838297,0.78475404,0.33812964,0.59295696,0.21957844,0.7549069,0.27254143,0.5718368,0.23599279,0.7586988,0.734261,0.50187844,0.545725,0.6417274,0.69830006,0.3711158,0.3679307,0.46257928,0.4928429,0.63117653,0.8792609,0.8456811,0.035058927,0.79107094,0.50405276,0.5767965,0.2886746,0.70593256,0.27273548,0.460995,0.6554098,0.5923767,0.7775562,0.33393386,0.3975724,0.66677225,0.78866976,0.4501982,0.59186745,0.6620897,0.24826781,0.79957736,0.690649,0.73345083,0.8148198,0.72163415,0.5742135,0.79342633,0.48198575,0.20035774,0.7950644,0.27705446,0.3880221,0.08676654,0.42371628,0.71466273,0.7556421,0.7038155,0.48899958,0.538661,0.40262815,0.6077207,0.39476722,0.46835423,0.6749802,0.44758603,0.58522296,0.3219296,0.5565127,0.17656764,0.7838174,0.79306,0.4382036,0.62744915,0.54049486,0.40687847,0.71727675,0.55658334,0.75032914,0.8450697,0.42464203,0.47198817,0.7267462,0.74709976,0.16737904,0.24210751,0.514395,0.6562691,0.24389108,0.1782488,0.52429974,0.25328097,0.7803259,0.65759075,0.7465094,0.8455652,0.78911656,0.82582116,0.9591293,0.17360812,0.8018486,0.72620654,0.78182137,0.75583297,0.40997317,0.5883408,0.4561699,0.4777318,0.55364496,0.6223021,0.4163981,0.3079646,0.78236175,0.7894123,0.47993988,0.4789989,0.3522116,0.43824962,0.21589947,0.5245841,0.7129674,0.47214335,0.5626338,0.5935788,0.4732742,0.5559918,0.4825268,0.5311798,0.6729214,0.61712486,0.78702307,0.6845751,0.52188164,0.737649,0.36937648,0.7159831,0.4552848,0.44586515,0.5631107,0.43080968,0.8114516,0.8002727,0.5265313,0.6069722,0.73317856,0.32522812,0.5729035,0.40328383,0.56747055,0.23507154,0.5431362,0.6889607,0.38124478,0.23977914,0.7541193,0.51266074,0.33786815,0.5186523,0.38541687,0.81214327,0.24171214,0.6574296,0.85090494,0.5693643,0.54076916,0.3039308,0.67244124,0.67013717,0.61978465,0.7289589,0.7941285,0.49585187,0.43049392,0.6772636,0.8657106,0.26384422,0.65426755,0.6771872,0.3348968,0.6237434,0.54617757,0.6317439,0.85465395,0.32393464,0.4575949,0.921368,0.5512291,0.3396373,0.75942016,0.2635435,0.65702915,0.26256678
12,0.78686535,0.74983066,0.19480968,0.24230352,0.39912245,0.7116224,0.37494665,0.56347865,0.34165174,0.8845146,0.317693,0.57839376,0.57423097,0.7136562,0.8740372,0.49108547,0.41658255,0.569512,0.37476093,0.25709486,0.507965,0.37083322,0.7942348,0.19823015,0.7391559,0.28086546,0.45071033,0.814044,0.33831826,0.8004532,0.71306926,0.8897391,0.5252427,0.33345678,0.48581284,0.28071547,0.42005795,0.48781765,0.8648943,0.5423459,0.46490782,0.737491,0.4093857,0.8827676,0.20163624,0.93185925,0.44380066,0.93073165,0.6102761,0.77391803,0.3844237,0.49172932,0.20311837,0.29174182,0.37439147,0.179633,0.5283389,0.4622662,0.78448766,0.83060837,0.16774172,0.106984295,0.91343135,0.7233828,0.5731827,0.4055249,0.23294406,0.72318035,0.7376034,0.7927306,0.84256655,0.39474928,0.42320427,0.42756465,0.5430272,0.6704998,0.111902095,0.77808535,0.76232135,0.69456255,0.1836034,0.4425587,0.47843754,0.58751655,0.35850823,0.68072146,0.8243974,0.56990856,0.29505044,0.2923843,0.8169786,0.36177042,0.40229923,0.09994342,0.78182906,0.30227765,0.7287579,0.36361626,0.84654504,0.7351947,0.40278724,0.6505397,0.53452855,0.51467615,0.8033409,0.71472484,0.30192518,0.6418918,0.38228723,0.56340826,0.63178426,0.4202887,0.35281178,0.532465,0.6947586,0.7287488,0.7767272,0.5340584,0.4183089,0.78152597,0.4653796,0.4572585,0.514548,0.48278385,0.45985153,0.4808731,0.25439084,0.40207738,0.31813648,0.37317088,0.67254305,0.8448864,0.696489,0.19856498,0.45692676,0.501194,0.2378705,0.6160776,0.72653097,0.44056222,0.16799057,0.25158048,0.2621211,0.34467065,0.89903253,0.9133756,0.51338565,0.6240989,0.51376116,0.56674755,0.9062526,0.23121195,0.2963738,0.41468745,0.3379077,0.6725583,0.22614329,0.30492967,0.68615174,0.28113386,0.823234,0.43646905,0.6591834,0.73781973,0.84919536,0.47076833,0.72133523,0.34202635,0.40395916,0.6444153,0.7165874,0.6772425,0.66240084,0.3283844,0.25667816,0.198186,0.11053105,0.6469982,0.5670063,0.48960447,0.6644206,0.4326742,0.43525153,0.6537178,0.73878735,0.50824887,0.8033269,0.9234527,0.45075682,0.28929272,0.45676768,0.82820165,0.45605865,0.7157601,0.46610156,0.47141722,0.6808391,0.31313682,0.29899642,0.24023494,0.24730697,0.6525929,0.47460696,0.34204274,0.5215969,0.20813355,0.6337982,0.7407657,0.626726,0.44621384,0.3991269,0.3276718,0.7285517,0.4964738,0.34053215,0.2457277,0.88493454,0.69450676,0.77928585,0.3516115,0.7120824,0.4638767,0.7229826,0.8722137,0.3892911,0.57908076,0.6586933,0.5980183,0.62541974,0.6869939,0.48624435,0.6192257,0.34625274,0.7861364,0.93992954,0.75974125,0.24442029,0.67399675,0.14399442,0.53334355,0.31264883,0.43643096,0.47541368,0.75099444,0.84148353,0.25834945,0.4876728,0.5598568,0.48152852,0.5619687,0.45095694,0.5948682,0.8097513,0.75688434,0.9439603,0.3960681,0.35987,0.102472864,0.77137774,0.21645683,0.51257163,0.77161217,0.3339349,0.6542037,0.6322198,0.64294934,0.7449288,0.37172326,0.70810986,0.35159925,0.785533,0.6663912,0.46157563,0.39198223,0.35302734,0.32222235,0.1334684,0.6530836,0.7358642,0.26089296,0.5100181,0.768327,0.094816335,0.68653953,0.9239142,0.91807586,0.5733422,0.6711464,0.29307586,0.823559,0.60496044,0.3528188,0.6514565,0.53115964,0.08087569,0.8660398,0.41595435,0.90929145,0.39414638,0.4925471,0.44555494,0.5386501,0.6356544,0.5626255,0.3208356,0.046303384,0.34744754,0.21826288,0.29928946,0.73319244,0.74569535,0.29333857,0.83691055,0.4556022,0.18311162,0.34232372,0.3348223,0.32138476,0.096428365,0.31186134,0.9111874,0.41845435,0.6140047,0.983797,0.8383189,0.68861294,0.41639853,0.159575,0.8365368,0.6797991,0.7178728,0.7200616,0.78898543,0.37222287,0.35670432,0.21575467,0.8539641,0.5385568,0.23887779,0.22468469,0.77819896,0.8589523,0.81600475,0.5286734,0.344047,0.63474274,0.35134068,0.30624646,0.6252855,0.90949064,0.105766475,0.41572788,0.30126134,0.84584385,0.37543133,0.4412323,0.18658645,0.7384996,0.36118588,0.3692992,0.49725357,0.22092086,0.6512342,0.38279724,0.89084667,0.53010166,0.43084,0.55272394,0.85764825,0.9217405,0.7203303,0.4696175,0.59861195,0.26177606,0.6345371,0.10588206,0.15967253,0.3573511,0.4943437,0.61718696,0.4495444,0.8291066,0.42418334,0.08330687,0.3374752,0.53504777,0.30866307,0.4321709,0.5630566,0.57890594,0.67565024,0.40700397,0.26971173,0.27038032,0.51382184,0.73959816,0.27061066,0.23565295,0.75765854,0.28074706,0.2547747,0.8948266,0.8732772,0.9153125,0.68273395,0.7767654,0.9717272,0.14204377,0.46451116,0.29623947,0.16034397,0.97077864,0.79150176,0.3029796,0.71641415,0.368116,0.33561224,0.16297846,0.59596086,0.75500196,0.67554855,0.73562574,0.18398237,0.82632893,0.34216,0.4144471,0.8978856,0.4838894,0.8156135,0.15869989,0.5512558,0.08580781,0.71577865,0.60422486,0.7039743,0.782867,0.8712125,0.6914295,0.7343911,0.041707516,0.43895447,0.79541117,0.31539023,0.3897736,0.39653152,0.50249624,0.46853393,0.29050013,0.66758263,0.5836616,0.7976523,0.59010905,0.41913557,0.4520444,0.34069514,0.19759448,0.5824186,0.93292606,0.25585157,0.28626126,0.56929004,0.3500933,0.8518151,0.73130935,0.8805472,0.47537825,0.77112615,0.63809866,0.60353684,0.3815404,0.3860782,0.4039174,0.35728252,0.13655744,0.6796442,0.29882538,0.5330524,0.750094,0.5150105,0.6391664,0.6182825,0.7131053,0.73354846,0.6003163,0.77690977,0.59054095,0.8188998,0.5021764,0.57159173,0.53306067,0.36661068,0.72403705,0.6599403,0.43122208,0.36781725,0.27598387,0.7196103,0.23587239,0.21980348,0.62677956,0.14469327,0.26436952,0.5158564,0.29374313,0.68083984,0.7405156,0.06769966,0.46811658,0.30254593,0.92592406,0.3641279,0.49655026,0.4759522,0.35819688,0.74621934,0.7382126,0.7485209,0.8416386,0.53553766,0.06550784,0.12132098,0.67941433,0.38623774,0.8264213,0.549186,0.33779734,0.6993752,0.1555952,0.6651427,0.20919389,0.43877062,0.94952136,0.7921532,0.4337523,0.9584631,0.29564452,0.2851103,0.44884112,0.42183685,0.101047315,0.78869134,0.89315784,0.45254984,0.694172,0.37510547,0.45826277,0.8528422,0.32112744,0.74662805,0.0847969,0.4586987,0.56977487,0.41431963,0.33547267,0.4123871,0.69648236,0.36065945,0.71298814,0.56365,0.23755391,0.6530459,0.7653895,0.6282236,0.14348942,0.6281229,0.87459874,0.30293903,0.2831966,0.8677943,0.6397622,0.75423545,0.30970424,0.3070933,0.4313768,0.60161495,0.38692835,0.51498103,0.5319644,0.23902938,0.67917025,0.6691392,0.11643589,0.28452492,0.62467015,0.7201902,0.47094348,0.44107103,0.44283077,0.5245074,0.73923105,0.625752,0.74376285,0.54845446,0.4816162,0.6692312,0.45195094,0.8328498,0.17940442,0.656289,0.3762346,0.4280968,0.7720706,0.109341785,0.5217216,0.18828425,0.64516634,0.30331194,0.6622749,0.6965294,0.38207382,0.22221808,0.6746132,0.2597844,0.4775942,0.95091933,0.510518,0.5600156,0.30509147,0.63434315,0.8813273,0.7476626,0.48013943,0.91443014,0.5880616,0.47522074,0.48626438,0.120301165,0.4696886,0.62001276,0.26379085,0.47376883,0.7903194,0.57938164,0.20888713,0.67715025,0.3445492,0.50877625,0.7771603,0.46308863,0.39138368,0.4322031,0.76330316,0.5574593,0.30858833,0.59235907,0.9475773,0.3318929,0.41607615,0.63367593,0.4666632,0.67321694,0.56404763,0.7598592,0.7929629,0.53256255,0.66556,0.6940122,0.5255379,0.19701914,0.8962151,0.44570702,0.82903904,0.32809606,0.39398667,0.7751568,0.31716073,0.5568362,0.5437139,0.57949823,0.19425608,0.39908618,0.20887443,0.4457877,0.65938824,0.8995575,0.89674354,0.8433272,0.721847,0.6278124,0.33388996,0.51831186,0.81783634,0.5056725,0.17661409,0.14418963,0.3301659,0.56566626,0.8705381,0.6499792,0.5260122,0.18113673,0.52830946,0.5233749,0.36171234,0.06728897,0.78302413,0.63102835,0.5005851,0.33410233,0.08781401,0.8489755,0.19231877,0.45562002,0.33658534,0.46118072,0.8017662,0.5484783,0.57239085,0.72859114,0.7997548,0.45810065,0.7216739,0.5991563,0.341872,0.7713736,0.5711475,0.54214174,0.47513622,0.5260179,0.21356821,0.3809381,0.27199304,0.46619633,0.6435842,0.625701,0.9053772,0.40127277,0.59757584,0.56425154,0.88964015,0.9397636,0.48550174,0.26724824,0.4470833,0.4918876,0.426069,0.8106043,0.36796626,0.3287066,0.6389906,0.66896594,0.40097097,0.12850185,0.18147491,0.6757256,0.6074182,0.49232984,0.7030148,0.8366051,0.4173294,0.7070868,0.72628194,0.6242544,0.29418552,0.5928934,0.26946458,0.19690236,0.8916146,0.2770321,0.86450577,0.7950701,0.2669151,0.4822262,0.3897137,0.3520386,0.40816283,0.50049347,0.52886575,0.36319503,0.864454,0.3514771,0.45631483,0.29568526,0.37563738,0.29112175,0.8295063,0.62675405,0.19668843,0.26763698,0.63689834,0.4159626,0.67985415,0.91738915,0.6812733
13,0.5326157,0.4399157,0.5980859,0.84531826,0.53178567,0.555251,0.4951201,0.4972791,0.56173456,0.32121179,0.42657277,0.57422787,0.3700817,0.52673507,0.8746788,0.50925094,0.49420384,0.39875937,0.45813918,0.841319,0.71400887,0.44505903,0.64603627,0.49393338,0.16930129,0.65763617,0.71439606,0.5815682,0.83640426,0.6219679,0.5019685,0.41853765,0.6907408,0.55186415,0.39139843,0.7134118,0.61816746,0.4720364,0.38735372,0.5071664,0.37844288,0.8130747,0.8900418,0.21878552,0.8001701,0.42506644,0.17832085,0.2382206,0.26414865,0.68509644,0.37237442,0.40179518,0.5908863,0.6438114,0.579527,0.2899616,0.19213063,0.6214977,0.48045087,0.6813158,0.8397792,0.93469834,0.073615864,0.18984881,0.49059114,0.8304828,0.7674666,0.46843404,0.8711221,0.8020918,0.49061376,0.6558009,0.66223323,0.4764731,0.33982018,0.8324122,0.8507238,0.2626549,0.24359336,0.26512548,0.7613839,0.83316857,0.33693925,0.47483253,0.79111147,0.88867176,0.60275674,0.38430047,0.27276617,0.44688344,0.6164721,0.3891639,0.18738888,0.5697138,0.65079355,0.87890726,0.23484266,0.84942347,0.08950532,0.12167597,0.17227075,0.8159684,0.81320703,0.9477024,0.57009536,0.5950169,0.5153363,0.7355678,0.5476991,0.50921786,0.603596,0.96351033,0.87959814,0.46338508,0.9188991,0.65361935,0.6018518,0.37522644,0.287285,0.4974692,0.86604106,0.27566805,0.43438628,0.8836233,0.6798597,0.41377681,0.890297,0.35655272,0.88970137,0.28866285,0.3363902,0.8022326,0.4319955,0.3553259,0.7706238,0.36710176,0.53242666,0.50599056,0.39491105,0.44067657,0.932689,0.54650164,0.7780436,0.43033302,0.11003261,0.28885016,0.5188867,0.38437316,0.94224507,0.09072559,0.7549161,0.8367597,0.5355026,0.5573966,0.74876064,0.3875727,0.3064553,0.57817006,0.084768824,0.36235574,0.76029634,0.4555842,0.65279186,0.7324812,0.10884101,0.6115086,0.93776166,0.8064949,0.36161646,0.85786235,0.7023218,0.66591525,0.33636516,0.23992474,0.11732391,0.37346393,0.75734204,0.137909,0.7903828,0.88784367,0.799876,0.488743,0.36155328,0.31496614,0.15632859,0.8259361,0.5940709,0.693546,0.78384376,0.7561058,0.85059017,0.38890088,0.52503777,0.2093079,0.9070444,0.81721485,0.5185388,0.41131395,0.11267109,0.6113198,0.41944236,0.59796643,0.8589874,0.256696,0.7849576,0.21011193,0.4439603,0.54194224,0.82032067,0.5323266,0.4545259,0.80398506,0.24643528,0.62471807,0.3585491,0.7480374,0.81178844,0.8967399,0.5151642,0.4538407,0.47709638,0.41797456,0.911485,0.6982979,0.82720655,0.35409313,0.3412582,0.36139154,0.8250356,0.7292928,0.372856,0.84887797,0.5453676,0.92578965,0.56418157,0.21995154,0.64057904,0.72577465,0.906732,0.33679304,0.78334427,0.5537765,0.55985,0.597385,0.21298864,0.50172716,0.37440318,0.11252878,0.70602995,0.6834312,0.5022042,0.3696345,0.53224593,0.58047205,0.64394104,0.5624991,0.85974646,0.75147575,0.6801373,0.45796484,0.5321887,0.5025768,0.27773097,0.37176418,0.8705005,0.5275926,0.30868295,0.9356093,0.39407757,0.8100491,0.36470553,0.8191927,0.6377871,0.80174315,0.3222706,0.68088347,0.73085254,0.15316784,0.3773244,0.25969595,0.48124424,0.16610707,0.31218705,0.355146,0.721455,0.57632047,0.40884694,0.16366439,0.32507464,0.8842224,0.090389006,0.6657311,0.8962601,0.73698705,0.70253444,0.33663642,0.7985516,0.27128452,0.84727806,0.58348626,0.658082,0.7162874,0.81160116,0.26808783,0.7450442,0.22397715,0.8427122,0.37924218,0.35652474,0.9428004,0.43052003,0.36425334,0.8641255,0.37375256,0.82953286,0.63431585,0.47533745,0.5221872,0.23407699,0.2804596,0.3939706,0.8038296,0.7123306,0.91331536,0.72848755,0.91241765,0.33567467,0.39622968,0.12941824,0.6749659,0.38810864,0.3397714,0.3972273,0.69172454,0.27738243,0.23026137,0.3853569,0.6024617,0.6771356,0.23882148,0.52956456,0.5455903,0.1845801,0.7422842,0.45518914,0.33254704,0.6679751,0.67010313,0.39696586,0.65472215,0.037217997,0.63271266,0.754225,0.81073195,0.8225079,0.7412746,0.5607798,0.8378909,0.84452045,0.55949426,0.9196682,0.610142,0.57589185,0.24233793,0.6884426,0.80146056,0.5054452,0.31437397,0.843075,0.7690882,0.27820617,0.66933453,0.82395077,0.75217146,0.49660793,0.84263366,0.70459276,0.5319603,0.071614616,0.6995474,0.51259726,0.25797606,0.881707,0.80726254,0.49686643,0.78020245,0.43481413,0.73761445,0.82053715,0.55230904,0.29792738,0.1642979,0.4435946,0.27060634,0.7223709,0.8825141,0.025795309,0.29741225,0.46429977,0.7344622,0.78900623,0.15895107,0.3708785,0.70244855,0.7439597,0.21771114,0.5052861,0.16203734,0.43091205,0.47878706,0.72552586,0.89113903,0.8629158,0.8100892,0.35016105,0.4520631,0.5782479,0.40644047,0.69991475,0.7975395,0.17453432,0.69582134,0.18338814,0.6062916,0.96493673,0.8796606,0.059302665,0.5924947,0.25784153,0.27843034,0.7076338,0.21016178,0.5083346,0.5238816,0.22589839,0.729769,0.1575003,0.37543875,0.7138991,0.6078312,0.8470393,0.1817032,0.7290325,0.37810647,0.974281,0.8022537,0.64916235,0.39950922,0.35356387,0.71248245,0.15980366,0.25175986,0.7444301,0.62117624,0.61302364,0.9458252,0.44174623,0.32811895,0.73246616,0.8824116,0.46882066,0.8314549,0.18146884,0.2947997,0.2362078,0.36479518,0.489739,0.5841182,0.28302583,0.89371604,0.6743348,0.38330063,0.56440413,0.8386847,0.6469629,0.5954159,0.56446683,0.4322221,0.855089,0.75575525,0.36008865,0.37355965,0.8729842,0.53520215,0.5235488,0.5294132,0.5079568,0.704359,0.89541745,0.41689187,0.41360915,0.75564516,0.69308937,0.36567256,0.41459155,0.93616,0.7035891,0.8912468,0.40889084,0.49703306,0.23230249,0.41136387,0.3226857,0.10136161,0.8181002,0.6947701,0.29198116,0.5977587,0.68809,0.8982988,0.61348337,0.63190836,0.55502087,0.67956674,0.47385073,0.24958973,0.37274924,0.3456447,0.88083977,0.61417574,0.93993986,0.36530405,0.34637946,0.37766132,0.38673982,0.30374116,0.52516,0.5145889,0.66426086,0.8075335,0.46314058,0.18557337,0.5478981,0.7477819,0.48757643,0.42804822,0.48575988,0.6692364,0.650741,0.3548522,0.92083275,0.3475372,0.82815444,0.5317755,0.77958924,0.77812546,0.6378989,0.56993794,0.54601586,0.5191686,0.35393167,0.6425421,0.37536293,0.52703077,0.15894721,0.15402736,0.3380509,0.50717396,0.8049494,0.8190705,0.6992228,0.37362143,0.83318895,0.44127995,0.39637545,0.22311936,0.4911884,0.18977381,0.5105192,0.093854286,0.6397139,0.7422362,0.80558157,0.18926111,0.582586,0.3053812,0.7407954,0.89540875,0.5625243,0.5938322,0.72026074,0.8741402,0.53904265,0.43525818,0.7642749,0.8035975,0.79784656,0.76190263,0.686789,0.09763103,0.9631906,0.79365754,0.68884337,0.5112025,0.37696248,0.12352386,0.19021651,0.8782359,0.31847057,0.74264395,0.5592007,0.2630495,0.6413169,0.6627279,0.80292284,0.20205368,0.932591,0.7955995,0.38964492,0.47020382,0.45781302,0.8966641,0.118062966,0.5824374,0.8007337,0.17062722,0.7589742,0.40542218,0.739039,0.55547655,0.44296598,0.65393716,0.63301575,0.3828017,0.31823942,0.6965335,0.6797018,0.7008987,0.6338234,0.4022733,0.36117086,0.6648598,0.7307235,0.30335522,0.47342372,0.64609283,0.74842685,0.45496085,0.8680486,0.346988,0.56790286,0.33435136,0.29295722,0.7567212,0.31450164,0.8431284,0.80920935,0.33654144,0.33636793,0.14608742,0.42663074,0.3766102,0.86469465,0.3278604,0.04118939,0.91841793,0.9073711,0.27440318,0.7260533,0.80497175,0.8319094,0.8956047,0.7964025,0.094513685,0.4438001,0.7655873,0.72045946,0.5491624,0.5782183,0.37135544,0.8109417,0.19124223,0.71548796,0.8014262,0.36072835,0.3509284,0.13432585,0.69338095,0.33483008,0.49176124,0.7114683,0.19786593,0.47725496,0.26326472,0.6046046,0.15456188,0.42638198,0.12658377,0.5773213,0.45146963,0.89745444,0.47752658,0.80133384,0.4420174,0.6970299,0.61037904,0.6299427,0.70209825,0.84904855,0.85149753,0.94536763,0.6479343,0.5122271,0.39019036,0.068004854,0.17281845,0.77853954,0.34614825,0.66183865,0.5150389,0.26614216,0.51819277,0.0880671,0.57988495,0.90965813,0.096611865,0.90537477,0.6232185,0.7921803,0.8686974,0.20591486,0.62715304,0.33692616,0.39077887,0.1319466,0.70683163,0.92471087,0.68313605,0.46349198,0.5875669,0.83813405,0.48102993,0.3798884,0.11092512,0.35832754,0.78899384,0.67268676,0.35426426,0.26534626,0.40155616,0.2986929,0.17717299,0.70114386,0.1714652,0.34714177,0.2684609,0.7890313,0.86252373,0.14347571,0.471187,0.5901309,0.7747629,0.33983222,0.5819984,0.9080116,0.22027619,0.9317253,0.31063724,0.18471736,0.3423451,0.9132751,0.94469464,0.26081353,0.5615277,0.88040483,0.49886122,0.28856012,0.7217979,0.3680011,0.6770036,0.5103454,0.41939643,0.3774069,0.6470986,0.7499168,0.12987939,0.23461168,0.62378937,0.5671066,0.49930584,0.23760112,0.84692186,0.6906073,0.42703798
14,0.24909814,0.07083624,0.7260546,0.71873224,0.9353514,0.7775359,0.7619447,0.30235013,0.25401035,0.47749195,0.59695935,0.32230514,0.41782752,0.24838331,0.715638,0.536675,0.57709914,0.11564407,0.8439619,0.6749637,0.5691702,0.56265736,0.80157745,0.87178296,0.22908127,0.35749042,0.6976002,0.2939989,0.6731922,0.5733247,0.5503248,0.7066969,0.114636935,0.8058982,0.76236427,0.6041476,0.8564217,0.15707241,0.56405836,0.24157092,0.3445928,0.3627018,0.7049703,0.1567379,0.41676635,0.64637077,0.64351493,0.28736204,0.7301782,0.3632169,0.4726561,0.44186723,0.7765052,0.62870187,0.69596887,0.9360298,0.4621997,0.75132966,0.7659687,0.52945143,0.74867266,0.68540686,0.4488159,0.8381299,0.37652922,0.1855194,0.4304417,0.82158566,0.6930459,0.76240957,0.2864332,0.36354816,0.19279732,0.21114352,0.1079581,0.6371943,0.79919666,0.50952435,0.8998091,0.3347239,0.43470868,0.48052415,0.24480915,0.6934602,0.62448853,0.30648896,0.21585728,0.23376669,0.8808882,0.86375624,0.18603097,0.46370637,0.16307065,0.8494188,0.19143549,0.8476077,0.4936135,0.6855758,0.39477772,0.15404695,0.28973442,0.45627904,0.49178502,0.8548798,0.48322314,0.5287772,0.70681053,0.25884733,0.87867486,0.6905206,0.825286,0.87584335,0.41468158,0.16516365,0.7860647,0.34427065,0.42930818,0.81531006,0.58655065,0.49324894,0.7304708,0.8769474,0.54676205,0.73779225,0.2525608,0.43092215,0.53304404,0.44626132,0.6255869,0.105807,0.7582272,0.65282005,0.18967298,0.5154037,0.55510193,0.5077705,0.80678296,0.5765954,0.8125642,0.18058333,0.90199,0.7443049,0.9254606,0.18325023,0.19940127,0.16711755,0.4234264,0.15437892,0.47341922,0.48185712,0.14197995,0.8344806,0.78711224,0.67655516,0.37447497,0.5699557,0.510181,0.5085543,0.836677,0.80730736,0.64112484,0.68605757,0.6164239,0.7219624,0.54727095,0.3588535,0.66348076,0.4073147,0.55458784,0.7908678,0.62459844,0.692533,0.2586734,0.7736461,0.67051166,0.664918,0.7918335,0.25365722,0.72514415,0.7688164,0.24567546,0.7076893,0.34648576,0.11098015,0.36519086,0.3869075,0.18808803,0.10999519,0.7197935,0.42649564,0.6995241,0.31643164,0.86723775,0.6846272,0.68591946,0.83661777,0.24809647,0.84419364,0.7316359,0.944461,0.1485983,0.16750346,0.4306182,0.84193605,0.27268252,0.6465184,0.48062468,0.34940177,0.6533366,0.55743444,0.7769582,0.38173068,0.40358916,0.34893227,0.6299302,0.8918406,0.25224236,0.5893079,0.49213815,0.8584936,0.33117583,0.30929,0.5177586,0.58211064,0.7749973,0.6310884,0.450952,0.68920964,0.33285645,0.1539324,0.9121415,0.7144492,0.6750445,0.115112334,0.17042325,0.19347177,0.7781371,0.4725032,0.69751304,0.7299061,0.7883151,0.6638746,0.7960805,0.46972066,0.3543925,0.9756673,0.22630586,0.52266246,0.22453849,0.41221973,0.73879486,0.31109157,0.5470062,0.34408253,0.7815219,0.57621855,0.60565245,0.7828954,0.698186,0.6441946,0.87938267,0.12574425,0.5841192,0.22387125,0.5428548,0.3756514,0.2553141,0.4644505,0.6375518,0.30491358,0.3020032,0.36627832,0.44520378,0.71544045,0.7334987,0.44240022,0.88956964,0.35706115,0.44218487,0.50890917,0.7544775,0.444526,0.7877515,0.81574136,0.11303118,0.10366109,0.84799963,0.06808728,0.5809581,0.5220906,0.29698852,0.5991628,0.67456585,0.74013156,0.7807605,0.67695016,0.646377,0.6207888,0.36603656,0.69656265,0.48806226,0.5673826,0.3161246,0.8958161,0.45373407,0.77598095,0.4973433,0.36468366,0.45578045,0.8776627,0.51258665,0.6984021,0.35841674,0.6594621,0.90119046,0.8285997,0.24184786,0.70281804,0.87681293,0.44813037,0.3250986,0.6731595,0.40029386,0.3527981,0.4985066,0.72385734,0.7481407,0.43306512,0.46482864,0.56196535,0.28754196,0.73391443,0.34994492,0.3670931,0.15968546,0.79660106,0.71313936,0.43723255,0.7093917,0.5736591,0.4596536,0.4357154,0.30180255,0.6025742,0.6224419,0.6110633,0.63374066,0.8471327,0.49221954,0.28500366,0.44914287,0.4581022,0.40911832,0.3394384,0.42259058,0.539092,0.8237772,0.1885338,0.46144953,0.7691672,0.5980959,0.8617951,0.5960401,0.6272386,0.2492145,0.51941764,0.2771951,0.5137704,0.4467111,0.3818996,0.4420108,0.61914027,0.1481189,0.958856,0.20956741,0.61502033,0.79753906,0.81073165,0.6205161,0.15896066,0.54201156,0.3555887,0.5527095,0.7752011,0.6544301,0.5837431,0.60466963,0.21129996,0.86603886,0.15075396,0.66880035,0.95083493,0.62434626,0.72195625,0.45577934,0.3858685,0.93732774,0.7309883,0.4504622,0.9027651,0.46500415,0.24974708,0.13875484,0.58497643,0.47794536,0.6496831,0.26596376,0.2851559,0.66333807,0.8245756,0.21435739,0.49049476,0.1394018,0.5040192,0.88157576,0.6269032,0.6450267,0.7981606,0.16239922,0.5756537,0.564712,0.5819062,0.36731592,0.44858292,0.93262964,0.9187372,0.30586517,0.8115973,0.26647267,0.62272596,0.9242698,0.910708,0.32198077,0.9371331,0.2117573,0.3784583,0.0249199,0.29008913,0.111732356,0.75482005,0.65764046,0.26078188,0.7637561,0.43438235,0.5908394,0.7148111,0.5066824,0.6858679,0.40916213,0.7295331,0.19190763,0.6404743,0.891074,0.9008576,0.56264603,0.7418298,0.23209606,0.47790253,0.78655475,0.66582745,0.23394638,0.5543573,0.42305642,0.61610866,0.087806985,0.5076518,0.419719,0.47064707,0.2636233,0.5373672,0.57829964,0.81955063,0.83463556,0.7493552,0.26879975,0.61143136,0.14188936,0.37502035,0.6152933,0.5817981,0.723163,0.60809696,0.39966568,0.22990245,0.19566007,0.7869592,0.27054688,0.21794598,0.4554351,0.7817135,0.33772135,0.6215436,0.7158428,0.5685135,0.7305824,0.93872803,0.62968826,0.77754575,0.6918127,0.5821467,0.6619268,0.37760785,0.8918107,0.8383618,0.2372972,0.72336054,0.9308427,0.23343064,0.9120828,0.34566072,0.2692005,0.4371254,0.33957306,0.5565543,0.05406567,0.7877657,0.92238516,0.2664685,0.41414395,0.8890995,0.8080654,0.31626168,0.89641476,0.5528983,0.62360007,0.8509146,0.60971755,0.93673277,0.49811706,0.14941083,0.53185177,0.061357494,0.6491879,0.821873,0.50649154,0.4864779,0.7660501,0.7308405,0.7545955,0.6984626,0.6021394,0.2152774,0.80614245,0.33410388,0.6201379,0.2709183,0.15735497,0.8169416,0.64768934,0.7212923,0.47125646,0.5725537,0.6628578,0.65440863,0.81094813,0.39069352,0.45463565,0.1284032,0.25233132,0.77218616,0.7928891,0.6528884,0.75573874,0.7263021,0.31631136,0.3074918,0.77630866,0.5342423,0.52671015,0.03027975,0.4776462,0.4447918,0.9088223,0.19067232,0.30210793,0.5229854,0.7197448,0.55052453,0.74471945,0.37173924,0.804734,0.9089452,0.68688864,0.43455276,0.49213117,0.47601226,0.82125074,0.72313654,0.74090815,0.86784554,0.45417866,0.13412866,0.9076845,0.31081873,0.36447242,0.650947,0.5983782,0.57363564,0.19634977,0.43695027,0.68105084,0.348989,0.84007776,0.82169896,0.86159706,0.65649235,0.38030428,0.3197365,0.6281358,0.31985474,0.5795958,0.5824239,0.530069,0.43689382,0.42280716,0.3607766,0.6561225,0.3655683,0.6279952,0.131722,0.77336454,0.83464485,0.1064352,0.3620499,0.4778958,0.9110176,0.36621618,0.8534981,0.78830343,0.39769387,0.7970528,0.20999077,0.536956,0.34527364,0.31456628,0.9520874,0.47791365,0.68504673,0.8270631,0.5227147,0.4003084,0.43213055,0.7910105,0.54014647,0.28412533,0.19332232,0.87991285,0.79205346,0.3090789,0.42860776,0.52235526,0.19759329,0.35076213,0.25735375,0.24394406,0.50318396,0.425499,0.3103874,0.77926344,0.28089905,0.71423024,0.6786264,0.7219352,0.7920819,0.46386644,0.7116054,0.5540422,0.80743915,0.81165665,0.654409,0.699268,0.6215264,0.8151924,0.8771848,0.481454,0.7204507,0.7380533,0.80446994,0.741113,0.5695221,0.87844265,0.09031817,0.70939994,0.299016,0.58831406,0.66494656,0.69511926,0.7396954,0.6951724,0.7625548,0.45254862,0.3302396,0.6486426,0.2707427,0.30352896,0.23284727,0.36752808,0.4127771,0.5351794,0.5017645,0.8026948,0.77091396,0.97478163,0.32667124,0.21449742,0.20259896,0.4782134,0.2275018,0.81741166,0.19343665,0.7047457,0.551792,0.4883912,0.75052726,0.72711295,0.32414082,0.6592065,0.65767145,0.27474397,0.9171123,0.46270093,0.4966823,0.46997267,0.54878575,0.07899719,0.55377656,0.44735643,0.5494937,0.7037979,0.5356379,0.45342454,0.4680303,0.6401251,0.8414512,0.29639825,0.44320732,0.4181319,0.8053786,0.41248927,0.7591779,0.1464617,0.72767913,0.78145236,0.27171966,0.6774829,0.0709971,0.5559903,0.8021295,0.3414183,0.54010975,0.5843214,0.2843378,0.6909999,0.6917866,0.55575645,0.61420393,0.74720013,0.29574057,0.4561796,0.6976534,0.16419391,0.41899365,0.9718341,0.46921915,0.8892858,0.27051654,0.5582282,0.3018557,0.4474898,0.22763613,0.67181325,0.78044635,0.86195666,0.8945672,0.8470081,0.40915188,0.44770765,0.9366826,0.34800196,0.6361964,0.17480183,0.3272142,0.7476553,0.47551307
15,0.7052779,0.33551684,0.7696443,0.5215742,0.545735,0.4950626,0.6827478,0.73240215,0.2651042,0.49652058,0.17435063,0.5446815,0.6914247,0.6308219,0.697538,0.24447851,0.57524455,0.39400664,0.39007166,0.4227552,0.44298282,0.4022517,0.85991657,0.7078744,0.60727453,0.36557442,0.32381448,0.8125156,0.4145952,0.8204976,0.57871735,0.36599746,0.22952741,0.3020362,0.3063312,0.6661665,0.83402455,0.602322,0.5991655,0.80698234,0.41473076,0.54851663,0.4273196,0.62784684,0.17470284,0.5251,0.6952198,0.891989,0.28450993,0.52513045,0.5094046,0.72326475,0.79715335,0.5856982,0.7848146,0.5681241,0.9009104,0.7464431,0.30282393,0.44451237,0.63917667,0.5288647,0.4005158,0.7279138,0.31142774,0.37564567,0.38644928,0.40114623,0.9415392,0.39341873,0.18064348,0.7958011,0.6223985,0.92200935,0.4370174,0.4569561,0.73869234,0.595278,0.73484856,0.7263493,0.28936347,0.4294528,0.31726655,0.5505005,0.50933343,0.41646323,0.37370455,0.3035402,0.6438066,0.652043,0.6195404,0.79936755,0.4855748,0.24881318,0.35586423,0.93689215,0.44235978,0.43333238,0.70867556,0.52894354,0.38234162,0.17019111,0.41839546,0.6351007,0.6612565,0.5110012,0.6717448,0.56594664,0.69751114,0.75776905,0.56345093,0.7136448,0.67158264,0.7141883,0.6607949,0.74613905,0.62990314,0.69461036,0.824371,0.6396434,0.7802244,0.041800056,0.30386147,0.66964775,0.46691635,0.20278479,0.8901841,0.2194361,0.32260042,0.5757054,0.4962439,0.6086587,0.72673106,0.60601705,0.37723804,0.2688031,0.36146012,0.5978026,0.73336303,0.7869142,0.61555153,0.5352231,0.9357665,0.5065469,0.24378362,0.38641736,0.52473897,0.7357898,0.558249,0.27607986,0.29148713,0.2940902,0.5324689,0.70058507,0.087208025,0.43941158,0.5618725,0.38358665,0.7373838,0.8041064,0.5054777,0.8052348,0.6281501,0.5339473,0.7004462,0.32951713,0.71491265,0.6338105,0.73041093,0.4650167,0.8147474,0.7249287,0.17013709,0.53171515,0.37159735,0.6543876,0.62918985,0.38968474,0.6056342,0.72000563,0.43641016,0.5808431,0.61032456,0.64216983,0.5334714,0.41026348,0.5002997,0.40705433,0.49974298,0.43952748,0.8719634,0.6031513,0.50786287,0.35234538,0.8865053,0.5716737,0.17065525,0.74656224,0.27294114,0.4140957,0.61344516,0.60564315,0.52960545,0.7469563,0.77960896,0.6940107,0.3705572,0.5146166,0.8261909,0.6086349,0.7135389,0.73899317,0.8535813,0.4820286,0.6590436,0.54296935,0.28615668,0.77056694,0.5295545,0.21932726,0.725262,0.620665,0.64888453,0.31768286,0.53082407,0.72336006,0.7081461,0.3603701,0.769854,0.25740033,0.476726,0.3744249,0.2436911,0.6133858,0.3609891,0.70005697,0.73740596,0.47505635,0.67973495,0.79407424,0.7710798,0.6804169,0.3206413,0.46832493,0.79573846,0.73357385,0.49255347,0.8657907,0.53261083,0.40310916,0.56844616,0.54302317,0.6019761,0.38316122,0.2675827,0.58264214,0.6099849,0.59390026,0.6947971,0.49372715,0.5151046,0.5840624,0.44829553,0.14520448,0.78730506,0.6250678,0.60911,0.5516376,0.54765916,0.72129655,0.80584705,0.42529756,0.67602533,0.8931572,0.1960769,0.38884696,0.6491157,0.56893843,0.8666467,0.40739387,0.20434004,0.83728784,0.13749886,0.4307432,0.5584134,0.3706819,0.3668777,0.8192653,0.36383215,0.62042904,0.78370595,0.7286094,0.887733,0.86593235,0.35830078,0.596794,0.23185454,0.46654096,0.42408556,0.8578662,0.7440398,0.3798692,0.6765269,0.41338295,0.640556,0.39463097,0.8210903,0.545662,0.7900418,0.7229178,0.5426707,0.5030524,0.6177337,0.79747397,0.53808725,0.38916156,0.412975,0.80716234,0.49045587,0.51955914,0.3943626,0.57957274,0.5834389,0.5085803,0.72535646,0.44690752,0.789676,0.1630558,0.75168777,0.37121287,0.42168558,0.3003608,0.70342755,0.6998869,0.459587,0.5367377,0.81589246,0.6271908,0.41915208,0.5831134,0.8380264,0.8496828,0.31231916,0.36088553,0.61985004,0.88459086,0.48784056,0.72863597,0.6890006,0.53454673,0.91324574,0.35986668,0.5295313,0.45073768,0.16502272,0.6855456,0.41183877,0.15407689,0.56486493,0.6441741,0.4261352,0.38675937,0.51728827,0.17633775,0.29162398,0.41259605,0.46568462,0.59469724,0.5239289,0.3632563,0.42203537,0.6138448,0.16692379,0.73002666,0.6853572,0.39957267,0.6602325,0.6548204,0.716694,0.8387657,0.44876125,0.5586418,0.63884795,0.39806965,0.78293926,0.7936953,0.36686367,0.70810705,0.7058149,0.5968983,0.70895094,0.48207632,0.68656784,0.8270355,0.549506,0.5570593,0.7777059,0.5351603,0.75791353,0.8965268,0.51621985,0.22872628,0.17868653,0.42898053,0.7890035,0.6270323,0.39072216,0.80458903,0.5787826,0.86827475,0.48306355,0.089648776,0.37434682,0.91570795,0.76009524,0.46858862,0.6508386,0.36227125,0.18176752,0.64698756,0.67545617,0.6025641,0.6203086,0.631034,0.62389565,0.71897376,0.3843383,0.47832596,0.90066266,0.5097494,0.8369604,0.4984353,0.3380966,0.81409174,0.73775625,0.41357306,0.38730583,0.36901772,0.36397377,0.66038406,0.70705295,0.20481472,0.58218265,0.66043204,0.28440362,0.6016715,0.28437635,0.26933327,0.7479297,0.6285257,0.78272605,0.6211242,0.4815623,0.7717055,0.7045925,0.83817834,0.8495048,0.42903066,0.33884,0.9083944,0.5220354,0.377662,0.6251025,0.10522119,0.6494233,0.35482824,0.20146742,0.7076046,0.24301755,0.61685914,0.664496,0.25374815,0.34491587,0.5426827,0.76266325,0.79260486,0.58711463,0.4859038,0.6187444,0.57870877,0.3227776,0.5285461,0.6559979,0.6161338,0.48790324,0.6090795,0.7368641,0.5052926,0.28127083,0.6379564,0.5207149,0.57381076,0.7352066,0.69077957,0.54615295,0.17649467,0.873861,0.4711817,0.58868885,0.49311268,0.8931208,0.69379544,0.7247171,0.78097045,0.58284444,0.5511717,0.7015646,0.7560253,0.30509213,0.6674782,0.6367205,0.5240318,0.62265813,0.26996195,0.5709997,0.3020461,0.38574573,0.48826435,0.7737867,0.8102638,0.29961792,0.29327935,0.8343949,0.47987476,0.72690177,0.498977,0.20120533,0.8205643,0.68744355,0.346459,0.67624986,0.16152686,0.5963182,0.3696567,0.79853433,0.5212143,0.59166765,0.5438146,0.38032532,0.33466238,0.5633279,0.7201522,0.102904744,0.14642489,0.66204983,0.3188283,0.80717856,0.907446,0.89420235,0.5618116,0.69218194,0.6954853,0.26905817,0.3817021,0.7967828,0.7528207,0.29663193,0.63516253,0.5692611,0.30336535,0.5768061,0.8164357,0.7268049,0.30176356,0.7798788,0.5856387,0.11442967,0.69739133,0.18048753,0.8439879,0.6791982,0.86642855,0.84611565,0.7099616,0.26099443,0.21931121,0.47472063,0.18515894,0.6362665,0.7113618,0.4317384,0.61306155,0.51176983,0.7595301,0.58328366,0.45039076,0.7612351,0.61129135,0.5210676,0.49840662,0.7351432,0.47316232,0.8086442,0.37808174,0.36696118,0.7409281,0.3252701,0.631472,0.41969362,0.5331862,0.4632865,0.38364837,0.38830677,0.21039456,0.317123,0.33122453,0.64105636,0.84062344,0.5952871,0.60449415,0.6806664,0.6389386,0.46378806,0.6874388,0.58213633,0.81087124,0.77151763,0.33983493,0.55980355,0.70302093,0.71509,0.6097734,0.3829673,0.4997018,0.37775046,0.8815945,0.32157913,0.3396926,0.3120249,0.58396274,0.7431331,0.660996,0.3569008,0.19695406,0.68752766,0.6329297,0.6062037,0.62462604,0.51462305,0.57473546,0.63725287,0.6168058,0.44766605,0.43948498,0.7971106,0.68956,0.39464876,0.33100742,0.41254753,0.58564156,0.40657416,0.66384524,0.2592022,0.53563356,0.8318619,0.89086044,0.5508217,0.5846359,0.5228834,0.25585464,0.35403222,0.24209352,0.56868863,0.74042493,0.45973277,0.5512819,0.7497381,0.6176375,0.43846586,0.72288734,0.708749,0.74858624,0.6571568,0.61982906,0.6001781,0.78808665,0.5986034,0.4385339,0.7216654,0.6644576,0.4504482,0.5350262,0.40706298,0.14028227,0.80099595,0.5180081,0.683239,0.5857304,0.6740796,0.55709773,0.84132236,0.4738037,0.61600083,0.5175391,0.6707061,0.65143573,0.6517183,0.18491156,0.34241742,0.4951802,0.85246384,0.5846216,0.53898954,0.3448855,0.86055946,0.8904784,0.45727843,0.2787651,0.19796821,0.904166,0.65830064,0.4587851,0.59790325,0.93128765,0.7104555,0.5175452,0.46439818,0.50170636,0.25394526,0.61860925,0.20060109,0.22442704,0.53782046,0.49393925,0.7332569,0.63679844,0.35078776,0.49340162,0.37087575,0.7746217,0.109863944,0.78011817,0.72208,0.7220979,0.18287483,0.4409664,0.17264384,0.781016,0.50869715,0.4393003,0.4988254,0.7921007,0.4610004,0.4314602,0.27008486,0.655703,0.7394868,0.6593316,0.78942525,0.6595703,0.874554,0.2839588,0.85868037,0.35842082,0.62679076,0.69932294,0.6322344,0.38177174,0.7176945,0.878584,0.71759915,0.18441941,0.65768605,0.7086511,0.6348517,0.6517146,0.65024596,0.49655303,0.42278698,0.46506083,0.5948837,0.44123593,0.3394836,0.2850838,0.47517154,0.68273824,0.9127092,0.7073219,0.23708788,0.59016484,0.5760185,0.51192755,0.5644024,0.19191124
