,0,1,2,3,4,5,6,7,8,9,10,11,12,13,14,15,16,17,18,19,20,21,22,23,24,25,26,27,28,29,30,31,32,33,34,35,36,37,38,39,40,41,42,43,44,45,46,47,48,49,50,51,52,53,54,55,56,57,58,59,60,61,62,63,64,65,66,67,68,69,70,71,72,73,74,75,76,77,78,79,80,81,82,83,84,85,86,87,88,89,90,91,92,93,94,95,96,97,98,99,100,101,102,103,104,105,106,107,108,109,110,111,112,113,114,115,116,117,118,119,120,121,122,123,124,125,126,127,128,129,130,131,132,133,134,135,136,137,138,139,140,141,142,143,144,145,146,147,148,149,150,151,152,153,154,155,156,157,158,159,160,161,162,163,164,165,166,167,168,169,170,171,172,173,174,175,176,177,178,179,180,181,182,183,184,185,186,187,188,189,190,191,192,193,194,195,196,197,198,199,200,201,202,203,204,205,206,207,208,209,210,211,212,213,214,215,216,217,218,219,220,221,222,223,224,225,226,227,228,229,230,231,232,233,234,235,236,237,238,239,240,241,242,243,244,245,246,247,248,249,250,251,252,253,254,255,256,257,258,259,260,261,262,263,264,265,266,267,268,269,270,271,272,273,274,275,276,277,278,279,280,281,282,283,284,285,286,287,288,289,290,291,292,293,294,295,296,297,298,299,300,301,302,303,304,305,306,307,308,309,310,311,312,313,314,315,316,317,318,319,320,321,322,323,324,325,326,327,328,329,330,331,332,333,334,335,336,337,338,339,340,341,342,343,344,345,346,347,348,349,350,351,352,353,354,355,356,357,358,359,360,361,362,363,364,365,366,367,368,369,370,371,372,373,374,375,376,377,378,379,380,381,382,383,384,385,386,387,388,389,390,391,392,393,394,395,396,397,398,399,400,401,402,403,404,405,406,407,408,409,410,411,412,413,414,415,416,417,418,419,420,421,422,423,424,425,426,427,428,429,430,431,432,433,434,435,436,437,438,439,440,441,442,443,444,445,446,447,448,449,450,451,452,453,454,455,456,457,458,459,460,461,462,463,464,465,466,467,468,469,470,471,472,473,474,475,476,477,478,479,480,481,482,483,484,485,486,487,488,489,490,491,492,493,494,495,496,497,498,499,500,501,502,503,504,505,506,507,508,509,510,511,512,513,514,515,516,517,518,519,520,521,522,523,524,525,526,527,528,529,530,531,532,533,534,535,536,537,538,539,540,541,542,543,544,545,546,547,548,549,550,551,552,553,554,555,556,557,558,559,560,561,562,563,564,565,566,567,568,569,570,571,572,573,574,575,576,577,578,579,580,581,582,583,584,585,586,587,588,589,590,591,592,593,594,595,596,597,598,599,600,601,602,603,604,605,606,607,608,609,610,611,612,613,614,615,616,617,618,619,620,621,622,623,624,625,626,627,628,629,630,631,632,633,634,635,636,637,638,639,640,641,642,643,644,645,646,647,648,649,650,651,652,653,654,655,656,657,658,659,660,661,662,663,664,665,666,667,668,669,670,671,672,673,674,675,676,677,678,679,680,681,682,683,684,685,686,687,688,689,690,691,692,693,694,695,696,697,698,699,700,701,702,703,704,705,706,707,708,709,710,711,712,713,714,715,716,717,718,719,720,721,722,723,724,725,726,727,728,729,730,731,732,733,734,735,736,737,738,739,740,741,742,743,744,745,746,747,748,749,750,751,752,753,754,755,756,757,758,759,760,761,762,763,764,765,766,767,768,769,770,771,772,773,774,775,776,777,778,779,780,781,782,783
0,0.80980414,0.62148356,0.23806913,0.4408704,0.3894152,0.5940272,0.30100015,0.64538664,0.4363281,0.23608197,0.44710308,0.1752344,0.37551942,0.4287322,0.5915503,0.34613574,0.21517505,0.6283327,0.5955972,0.22824982,0.48145705,0.1992538,0.6992899,0.66729975,0.16042945,0.30377242,0.59244275,0.6988611,0.6643884,0.6707922,0.6996406,0.76827896,0.30648732,0.30120176,0.85744965,0.24218398,0.43451416,0.41651443,0.7801872,0.30880553,0.46931776,0.7008767,0.86702985,0.5909618,0.51927316,0.82252413,0.38815984,0.3705927,0.5354998,0.588029,0.45650157,0.8414653,0.13272604,0.6248573,0.47593972,0.48338437,0.036745097,0.56730795,0.80047375,0.7153158,0.59017265,0.7105011,0.54924953,0.41553468,0.33999553,0.66324556,0.5407603,0.74486506,0.6653263,0.771634,0.62118936,0.31631356,0.4061446,0.077954695,0.6294223,0.705088,0.20294943,0.23830383,0.5521519,0.673827,0.33421525,0.79357684,0.48273334,0.3919625,0.53572565,0.07880863,0.62112874,0.32936907,0.2612232,0.2936701,0.4646725,0.13908108,0.11832088,0.93380857,0.33188954,0.76251143,0.3471925,0.72186345,0.7473131,0.29205263,0.48752066,0.45788026,0.57432246,0.72921425,0.17734762,0.733843,0.26676688,0.8702897,0.78344303,0.7324701,0.76324296,0.3493845,0.2639103,0.20396069,0.77991164,0.4977873,0.2277036,0.20840073,0.4193982,0.5648427,0.8115518,0.17356123,0.64939785,0.6200671,0.23256654,0.26488703,0.35835698,0.6475598,0.40438783,0.34944454,0.46203044,0.756773,0.66127175,0.42301717,0.36677745,0.4585361,0.5595759,0.66942626,0.85764676,0.6703069,0.4487458,0.7305116,0.60757965,0.19344352,0.38690737,0.45018438,0.8498036,0.5990174,0.6610636,0.13933432,0.6054782,0.7738854,0.6151613,0.5636021,0.29662582,0.21864112,0.3505337,0.6270529,0.8017912,0.18793589,0.79301107,0.71616584,0.27483997,0.4041288,0.485576,0.6482253,0.7974268,0.6493977,0.82036245,0.7049474,0.59021753,0.21498671,0.5419884,0.84491765,0.2172342,0.12105022,0.6618904,0.51951134,0.29144356,0.4289187,0.4736154,0.23963636,0.15583983,0.873875,0.5162775,0.78949094,0.37901387,0.76705045,0.5580675,0.5471544,0.51838964,0.7231096,0.67852783,0.18117946,0.66528034,0.422212,0.57731104,0.61765826,0.36627525,0.39639097,0.26146507,0.44060737,0.49202362,0.9409536,0.62033695,0.6903561,0.44523606,0.4263965,0.44557646,0.4235561,0.3200305,0.57910645,0.3725778,0.80081314,0.32507214,0.6147297,0.1964053,0.38574228,0.89914167,0.650322,0.22553882,0.2767285,0.44626787,0.5989571,0.7217151,0.530233,0.62772775,0.3529835,0.3965994,0.7999297,0.51334155,0.80128837,0.8516144,0.46739307,0.5517266,0.6245526,0.59749943,0.72119147,0.32735428,0.2060188,0.5659653,0.51457614,0.60234755,0.4448626,0.36141178,0.34941065,0.6889533,0.07502679,0.7062628,0.5445441,0.44907558,0.5412961,0.38441503,0.27427223,0.4648268,0.4592708,0.47381026,0.6962436,0.6299054,0.72688603,0.72570103,0.3963058,0.8574748,0.37523443,0.3059969,0.74509114,0.4300504,0.7065187,0.28870225,0.26483834,0.7744002,0.6822311,0.15586717,0.38442543,0.34600106,0.78498816,0.20611042,0.9236555,0.36813185,0.5925375,0.85734236,0.6962708,0.7210855,0.576186,0.21117103,0.26317924,0.8396549,0.039750088,0.19773301,0.9007646,0.47545928,0.6076196,0.7793491,0.3885281,0.9363039,0.9211766,0.75257343,0.46134925,0.47095135,0.82055753,0.6040542,0.5364795,0.21966134,0.9024986,0.058959093,0.40239838,0.3778284,0.07997508,0.77082956,0.7608374,0.8645022,0.4652553,0.63693523,0.49025142,0.63127047,0.32323888,0.3612289,0.53441584,0.67955786,0.53253424,0.47620532,0.5700053,0.5042653,0.80209154,0.80433905,0.7868965,0.33428395,0.3679831,0.804983,0.70567834,0.19131987,0.7742455,0.114761695,0.20063615,0.17973231,0.33079097,0.64629817,0.25990206,0.28279564,0.5642355,0.6855143,0.47096178,0.8484938,0.67906004,0.9272262,0.3170511,0.83623827,0.48257726,0.5715893,0.6770279,0.47092152,0.049936824,0.46081063,0.28630516,0.32272795,0.64608973,0.3611721,0.73934156,0.18262647,0.26991472,0.20555344,0.7151816,0.42067632,0.5934313,0.54006267,0.86046994,0.27090135,0.5997549,0.15397826,0.18823978,0.17516717,0.46226943,0.24255008,0.33507305,0.07398454,0.70690733,0.7961454,0.5860049,0.85668045,0.5441893,0.8078481,0.61982983,0.45734674,0.43860215,0.5698126,0.3876497,0.7408744,0.77515465,0.24254365,0.11402456,0.71693957,0.79913807,0.18353643,0.45287767,0.6312605,0.2883801,0.74583006,0.58099675,0.1064424,0.39127302,0.0671089,0.47793946,0.28178626,0.76158285,0.57990974,0.43928182,0.37182438,0.51414025,0.63714,0.44307384,0.82570225,0.4243827,0.6242097,0.40489194,0.8311883,0.6014521,0.8253928,0.79380625,0.361927,0.7572696,0.60470283,0.50609064,0.31700164,0.41618693,0.38774195,0.65854347,0.77498066,0.6758027,0.48856258,0.2235953,0.83005714,0.33308485,0.5228808,0.81555855,0.23819135,0.5478369,0.15884222,0.43228686,0.681016,0.28944784,0.5675849,0.5194714,0.7735894,0.30935526,0.15848714,0.6018019,0.76665556,0.52009636,0.3255079,0.7467292,0.12712286,0.50741994,0.8039512,0.95893884,0.61945176,0.7074123,0.302392,0.531641,0.9083425,0.19938695,0.4175919,0.59064925,0.4367871,0.7029568,0.26822832,0.41214004,0.55191183,0.18860935,0.21590155,0.38903478,0.7451874,0.4231081,0.20042,0.71568125,0.094607905,0.6527753,0.4038437,0.64438426,0.4052682,0.9517414,0.86256343,0.693205,0.1494948,0.079592295,0.50482386,0.4880982,0.65987283,0.3388677,0.33303437,0.5889463,0.7298561,0.31867427,0.34304816,0.16759314,0.7170312,0.93462664,0.7945222,0.0853026,0.26095986,0.54821485,0.28523862,0.46822247,0.8842455,0.5276583,0.54688305,0.51292706,0.48516676,0.49951762,0.21313998,0.6573458,0.4875599,0.58087695,0.7456872,0.1711472,0.4708915,0.6335872,0.6075118,0.5991606,0.44587925,0.630007,0.47709918,0.2502891,0.6539648,0.6901606,0.578461,0.7575214,0.29657817,0.58238465,0.18488663,0.3269136,0.81057966,0.62470484,0.58856666,0.4833064,0.4075092,0.697714,0.55261016,0.59599435,0.6598075,0.82143056,0.57825893,0.517699,0.352547,0.85544914,0.24603932,0.6337163,0.45895556,0.17683274,0.2082344,0.55846775,0.8795814,0.46142223,0.26648268,0.8020787,0.07271832,0.7024505,0.32673162,0.49875855,0.89844906,0.42328858,0.93324655,0.7278999,0.55149144,0.5523157,0.71560574,0.5625963,0.60301256,0.34715852,0.8160102,0.4878046,0.5230678,0.5581627,0.20784752,0.3533684,0.25961328,0.23905052,0.67169166,0.3912664,0.644139,0.45005256,0.806366,0.5680548,0.19998291,0.47162887,0.27605388,0.5063313,0.84307206,0.22354093,0.5887038,0.5724057,0.30683824,0.3311225,0.7961067,0.6519213,0.39637697,0.3977577,0.821556,0.67199504,0.37648645,0.712254,0.41628698,0.33344075,0.62887126,0.6845899,0.55369246,0.43100804,0.36455846,0.8079753,0.44003606,0.17263387,0.13550122,0.5633788,0.62069625,0.38414323,0.3923573,0.1292249,0.60604715,0.2988119,0.24917127,0.35052016,0.41365397,0.5785474,0.15348704,0.6371496,0.71577376,0.24081165,0.73161227,0.9752151,0.47596726,0.38443646,0.22235762,0.20206124,0.043472942,0.19928795,0.36858892,0.91549957,0.55935675,0.5919707,0.61182976,0.20193972,0.8789781,0.6583306,0.7648738,0.8505882,0.781666,0.6937084,0.48929942,0.4657281,0.91739005,0.5947598,0.30669355,0.30874577,0.6362271,0.65740454,0.121000856,0.31086093,0.5463277,0.46372992,0.5790651,0.6364385,0.35261554,0.59648585,0.3868315,0.47062176,0.35294726,0.6552276,0.65635,0.62358177,0.13434508,0.48909995,0.46091172,0.21555889,0.8674343,0.8118353,0.6726072,0.25114197,0.7988692,0.54538715,0.46987548,0.56339604,0.67443025,0.2950249,0.4107648,0.53780127,0.084518984,0.52691764,0.44191915,0.62066656,0.5806463,0.41483912,0.08043176,0.53208613,0.4747726,0.12392567,0.60087407,0.26057968,0.72571665,0.25900254,0.3465426,0.14858356,0.3984734,0.4397566,0.7719009,0.5681679,0.11381732,0.14651391,0.5793934,0.55135787,0.4224219,0.3700995,0.7209456,0.46757156,0.25178343,0.36361417,0.5247102,0.3490158,0.65817815,0.4737974,0.6173289,0.6727515,0.42236474,0.79293054,0.5877358,0.6795616,0.36013567,0.20237431,0.79199976,0.717228,0.8087479,0.35668477,0.84211594,0.08224848,0.4595313,0.80640525,0.2976789,0.84102035,0.9272521,0.4060449,0.50592905,0.6097431,0.4655861,0.23199123,0.48719183,0.24462394,0.48760182,0.275314,0.20577146,0.58917665,0.39614567,0.05522345,0.7952052,0.5246295,0.76577175,0.5551714,0.514013,0.6792099,0.603488,0.41694424,0.53817433,0.4641075,0.8703746,0.64727753,0.5972819,0.17989124,0.79646367,0.3250297,0.3129404,0.4586391,0.5977606,0.51441145,0.45338506,0.7642355,0.43977797,0.6404865,0.13467613,0.6456699,0.5296108,0.30995145,0.7016544,0.26002228,0.6879887,0.44001025,0.6918109,0.51277
1,0.47502214,0.117459945,0.3244758,0.7721584,0.7892961,0.7809868,0.5665357,0.39725262,0.5557769,0.2591995,0.41254145,0.50598156,0.6571937,0.41177318,0.47084224,0.8599661,0.7188842,0.2637328,0.46205854,0.80249184,0.6746651,0.44251034,0.4152014,0.19847909,0.86593497,0.7102943,0.6248885,0.5756355,0.6089585,0.52847105,0.22935912,0.50542015,0.6928113,0.8518252,0.68794334,0.41937009,0.4808074,0.46535757,0.6962877,0.45784137,0.38976377,0.6450743,0.8206864,0.2790421,0.27450448,0.43751007,0.2593541,0.41109198,0.59266186,0.24177934,0.3965547,0.27741614,0.34031156,0.7411036,0.68716955,0.8487926,0.5374717,0.6341466,0.09104461,0.52402276,0.5056649,0.72782546,0.78026617,0.66187745,0.47267652,0.475836,0.8820783,0.43875667,0.45306787,0.78233135,0.66190594,0.35865098,0.7402984,0.44720542,0.82600176,0.49743095,0.567056,0.63930947,0.21855223,0.3346278,0.25730836,0.6003077,0.19179012,0.71851254,0.73650783,0.4688524,0.23179711,0.43082628,0.4727178,0.73865944,0.37046087,0.6861,0.42361358,0.59307903,0.21158594,0.6953365,0.37327373,0.4434177,0.42281196,0.38685068,0.55238885,0.23776042,0.81557596,0.61673,0.3834645,0.42789695,0.45491603,0.36997235,0.66531193,0.6388864,0.6150687,0.930358,0.36208257,0.31498817,0.7756835,0.4287874,0.68915796,0.7340297,0.34908658,0.27090544,0.17132235,0.36711928,0.1846635,0.8257512,0.7076753,0.15532754,0.40723225,0.728991,0.5421751,0.7687914,0.55953777,0.92513865,0.3526302,0.8277906,0.72750443,0.6410039,0.7415308,0.3671274,0.15287673,0.8149317,0.8680903,0.6417383,0.77471185,0.5713529,0.27752304,0.63310486,0.64394796,0.78821826,0.73443824,0.20683855,0.64366305,0.8018331,0.19028841,0.39910123,0.1949516,0.070747785,0.47067332,0.53426915,0.19909762,0.31460527,0.34956542,0.4407286,0.54954755,0.38685298,0.4755072,0.8931834,0.4400779,0.74766576,0.6567812,0.6540489,0.5217766,0.3477154,0.28542322,0.58250105,0.724636,0.37768272,0.55417424,0.6896944,0.72482926,0.26967862,0.466337,0.6202401,0.5918447,0.22079882,0.21309662,0.51661736,0.41280866,0.3775955,0.6851296,0.22520125,0.48946136,0.06480896,0.67263114,0.27753365,0.48861837,0.6425382,0.65642506,0.32023302,0.27374038,0.7716543,0.4580736,0.5340009,0.6523444,0.24163496,0.24195938,0.14770177,0.6853601,0.518367,0.4024893,0.46721396,0.41549414,0.73640233,0.2980417,0.6856798,0.78966486,0.5030039,0.73283446,0.604453,0.8168006,0.8037321,0.47411737,0.4848875,0.42869207,0.4950849,0.18866189,0.74656266,0.2597794,0.25199082,0.8050047,0.5309762,0.28808913,0.76503074,0.21913706,0.85789686,0.56289166,0.8126865,0.9429387,0.6124174,0.47165996,0.37439537,0.2970531,0.45920163,0.14163372,0.63399935,0.58602506,0.47326997,0.4776707,0.286187,0.5772053,0.28761107,0.20568003,0.16676146,0.26017708,0.2590996,0.6020908,0.5096438,0.8473387,0.34621385,0.46980116,0.64370066,0.27112287,0.84089625,0.3633554,0.36639163,0.24142061,0.3857281,0.46193132,0.7910606,0.74131614,0.1522832,0.7624789,0.35770124,0.21485098,0.7526819,0.58771247,0.55624694,0.782274,0.34681973,0.7115431,0.22024778,0.47116545,0.44366673,0.42506972,0.6011875,0.7589846,0.673221,0.5583383,0.48220325,0.30948946,0.4545518,0.3992661,0.39456582,0.33965203,0.69321126,0.7039433,0.32446834,0.36914802,0.6694332,0.47469217,0.646297,0.78441757,0.26256955,0.5842048,0.5593061,0.4119012,0.6306451,0.08113344,0.53157836,0.5984604,0.6142574,0.08747314,0.741479,0.4050579,0.8371176,0.64821887,0.2119245,0.16704248,0.7975296,0.3923613,0.30758613,0.4712899,0.68014485,0.67791617,0.59125334,0.6740431,0.562428,0.5949679,0.29958814,0.39893624,0.5735191,0.18591778,0.52204007,0.6808866,0.699313,0.5149765,0.46785885,0.21573414,0.6379246,0.23892508,0.5951131,0.7957568,0.83418775,0.4949638,0.26514617,0.3017209,0.7515801,0.38966903,0.406796,0.7815966,0.50909126,0.5965329,0.86149025,0.8887587,0.45350897,0.16523021,0.604435,0.38463783,0.33409062,0.28177476,0.6479849,0.6327854,0.5659602,0.2496449,0.12619875,0.43001312,0.31032318,0.25622967,0.8061856,0.45485172,0.18034036,0.71216404,0.8078949,0.1477973,0.37544453,0.5848838,0.22551784,0.67094415,0.5874328,0.6542022,0.86124843,0.7738132,0.46585003,0.7213583,0.41174492,0.4948535,0.82342917,0.6796699,0.55529076,0.21323611,0.36295703,0.773149,0.38042352,0.77442956,0.6145263,0.83241606,0.41966844,0.43627587,0.59844786,0.41339704,0.2122822,0.331627,0.88868755,0.34807548,0.39683703,0.588043,0.13727967,0.07281355,0.68337125,0.7665561,0.8694579,0.7766181,0.61710805,0.7648286,0.7816112,0.63009214,0.29905063,0.7515898,0.17031081,0.23647268,0.44827732,0.22509626,0.51393574,0.31997228,0.7343504,0.37235424,0.4259565,0.30156252,0.28927252,0.34089738,0.44087815,0.47589198,0.5059185,0.39100027,0.2916361,0.5853788,0.70435864,0.51721966,0.18805309,0.56385285,0.6644781,0.8200059,0.42222187,0.34346783,0.6744477,0.7469604,0.192005,0.5093332,0.377851,0.7281876,0.71948487,0.65252537,0.3589775,0.70862097,0.69058144,0.5331158,0.8127112,0.31084087,0.439601,0.39765406,0.4615808,0.30817917,0.6820717,0.47058243,0.26643017,0.37533695,0.35150504,0.79591703,0.47899562,0.18865123,0.8325632,0.5412318,0.5393778,0.48230076,0.6402241,0.38846204,0.49871147,0.26560807,0.32122117,0.84009904,0.8791971,0.18039957,0.16503824,0.556975,0.3783921,0.86610365,0.5099367,0.18678749,0.54591274,0.3665791,0.18738803,0.6690344,0.550367,0.78607774,0.3794127,0.7521316,0.6861433,0.36435184,0.44612557,0.43605292,0.7282918,0.4670445,0.536137,0.79435754,0.20683123,0.7940031,0.43363068,0.6038288,0.23001423,0.4971081,0.40668136,0.36701417,0.48808786,0.038067687,0.84440845,0.65603656,0.7360047,0.5887111,0.66219026,0.8435226,0.37117746,0.63671875,0.28084955,0.27731258,0.3217375,0.79557484,0.17536223,0.57660776,0.55489516,0.2599712,0.63125765,0.37858647,0.40834057,0.51425433,0.647776,0.84974337,0.24396537,0.3593542,0.39881882,0.4530497,0.4251381,0.6633368,0.7711018,0.32601243,0.8548853,0.94182086,0.6474461,0.6629925,0.36100587,0.4114729,0.49091738,0.686233,0.8306676,0.15424733,0.7707977,0.7426378,0.38982671,0.15132026,0.20224474,0.7073355,0.7957704,0.42350134,0.49339598,0.8777541,0.22289968,0.5025732,0.20380042,0.15431899,0.37420896,0.34282836,0.35747036,0.51665086,0.7069056,0.8930454,0.2604463,0.49759796,0.6525754,0.74107885,0.5086917,0.5255322,0.9182229,0.26679727,0.9043271,0.3790768,0.58555835,0.6179353,0.30668268,0.4384305,0.4217205,0.6127001,0.8640123,0.62410176,0.46707556,0.77205247,0.59272456,0.4664122,0.5360955,0.45487538,0.80704063,0.19713928,0.6114583,0.6916556,0.28005487,0.6099991,0.1657323,0.670131,0.29640308,0.52683705,0.5605875,0.3571104,0.14448401,0.6370788,0.33806106,0.2442479,0.42998022,0.5263614,0.57736117,0.8367263,0.73111737,0.8715735,0.21895722,0.18682426,0.27010158,0.66427445,0.6374373,0.5388001,0.19439287,0.21391805,0.20559117,0.8607627,0.15544498,0.14634556,0.48467425,0.8612831,0.70646405,0.57285076,0.37062332,0.6163278,0.5990742,0.90133375,0.53471416,0.483781,0.443571,0.2986547,0.50659984,0.5900363,0.621981,0.587318,0.3866912,0.69898844,0.53564715,0.161536,0.84762764,0.319517,0.64101493,0.1916982,0.7462721,0.44656247,0.8347804,0.295998,0.4602106,0.33130106,0.6135736,0.1496986,0.69955575,0.24424033,0.37190273,0.7909322,0.3079188,0.6716771,0.8528699,0.18469949,0.67877424,0.45259434,0.61054903,0.5002049,0.53200626,0.051719267,0.3667228,0.38143936,0.5414932,0.57397753,0.5262338,0.73980963,0.5804797,0.69668925,0.5874756,0.63866425,0.16917259,0.5559304,0.34664568,0.73010033,0.66294914,0.5166692,0.67156225,0.35610574,0.03841706,0.6896705,0.75265706,0.28048453,0.79741377,0.54810184,0.63324195,0.09741902,0.49225038,0.39821184,0.73284674,0.6044022,0.36302102,0.17154345,0.9360676,0.3438423,0.4204147,0.50704336,0.85869,0.9082843,0.4255974,0.29277843,0.64406455,0.6402444,0.17853141,0.29679644,0.383046,0.15233901,0.71194214,0.50864524,0.6797285,0.65562135,0.5513853,0.31382018,0.5673284,0.4760809,0.3202641,0.7836298,0.8115243,0.20251854,0.4213839,0.23859668,0.50654215,0.18128867,0.79943347,0.6862903,0.6832242,0.665203,0.4836892,0.20422904,0.29376644,0.54657966,0.9068372,0.13072498,0.45772335,0.7815537,0.79736763,0.6646404,0.6380082,0.49006402,0.4751624,0.3158644,0.44251925,0.5359681,0.18072215,0.71472687,0.6538129,0.12422388,0.69440186,0.8021217,0.82773113,0.17998353,0.5169363,0.6564702,0.6821649,0.34848997,0.6164146,0.43612146,0.23183692,0.8496231,0.6826102,0.46695462,0.44617844,0.44684258,0.3632135,0.34111968,0.6348856,0.76131284,0.52632886
2,0.71178234,0.7591396,0.25075856,0.27558568,0.31918624,0.18920743,0.5584429,0.58534634,0.71123195,0.59221643,0.43942097,0.5089078,0.6638924,0.26247922,0.7961422,0.6357496,0.36932465,0.58771414,0.36546522,0.27829677,0.37441662,0.30740055,0.4756728,0.7655576,0.6094453,0.42107147,0.5143663,0.5585124,0.58850235,0.18027563,0.6894435,0.32659048,0.37516296,0.23842587,0.7418544,0.5981449,0.3868152,0.39343432,0.5985804,0.30311978,0.46792075,0.6563288,0.14066924,0.44480053,0.5316271,0.59887093,0.7678978,0.58910656,0.6111628,0.821611,0.7862794,0.4705875,0.39835235,0.4503242,0.38458273,0.5170179,0.49062684,0.69657385,0.53345466,0.41014573,0.5287471,0.13048609,0.43535817,0.36125985,0.3661833,0.6907069,0.124538995,0.20871067,0.2774505,0.26733845,0.5828757,0.8600413,0.57636136,0.8683162,0.64231545,0.4918658,0.4260104,0.5653658,0.34620023,0.7299034,0.43394783,0.5373431,0.8044263,0.4530998,0.5226047,0.25902873,0.71397465,0.36756507,0.3304972,0.2908007,0.27268472,0.65072703,0.54647315,0.73319185,0.34306523,0.5925703,0.58576936,0.6535041,0.5573382,0.37713182,0.61417544,0.11308469,0.474085,0.6653655,0.28132913,0.2422626,0.59069985,0.38151696,0.24560991,0.8320188,0.6407173,0.63799185,0.34803307,0.5159311,0.396341,0.72338426,0.5831993,0.7373207,0.4628554,0.46655574,0.5742007,0.48427692,0.7641306,0.47149223,0.6270662,0.6776705,0.19414292,0.7293554,0.6554214,0.67283684,0.35076815,0.24759851,0.3721648,0.2757552,0.8614109,0.5125716,0.6911936,0.5983755,0.17558236,0.8175628,0.13394307,0.11792662,0.3947485,0.73282576,0.4753416,0.7406289,0.2914679,0.76203996,0.0808364,0.9253547,0.8168816,0.27790114,0.252293,0.69311893,0.5183612,0.6131343,0.39933217,0.4334552,0.3443579,0.4900043,0.6653063,0.5094159,0.5732179,0.42242566,0.95929337,0.44614986,0.37583947,0.71967995,0.5825826,0.60822326,0.7329729,0.34608844,0.35102335,0.51436275,0.62611413,0.42413315,0.3114611,0.5200014,0.5217985,0.85066307,0.5706026,0.28904086,0.5877109,0.58953345,0.6214319,0.21718524,0.5133356,0.12268274,0.58745664,0.65587956,0.65677166,0.8674183,0.22602978,0.60560215,0.7359857,0.10644221,0.68930405,0.62190276,0.3923756,0.35285905,0.44746086,0.63204217,0.6681374,0.2881883,0.8292161,0.54736304,0.38365886,0.29898342,0.5929999,0.3281759,0.5171227,0.42260155,0.6530823,0.32220262,0.5572671,0.73011494,0.6342736,0.55671924,0.32505053,0.5046857,0.3110917,0.5587935,0.77537715,0.51449865,0.66350985,0.81209,0.28651652,0.4736106,0.55582553,0.6358012,0.46250284,0.718911,0.17320298,0.5386923,0.6943671,0.7907528,0.26090813,0.7391776,0.6036383,0.49262178,0.31764922,0.33342052,0.48807162,0.42205772,0.5851971,0.21413594,0.51501256,0.260684,0.5185897,0.49315163,0.609929,0.7565786,0.5717939,0.68766165,0.59828657,0.3454367,0.51252323,0.7845424,0.18553011,0.6939566,0.23317036,0.7120987,0.5984513,0.63836384,0.59766716,0.5716485,0.7725815,0.5972515,0.3654515,0.4854024,0.87913334,0.2682549,0.21601155,0.35366917,0.24760805,0.85334694,0.25360155,0.6352063,0.19074078,0.4125476,0.5974194,0.25208852,0.62483746,0.19302478,0.8277208,0.75094754,0.23005228,0.5984857,0.7809598,0.81623876,0.7740209,0.69153094,0.6936452,0.5501787,0.402804,0.34140813,0.45991376,0.19728409,0.4401475,0.9114978,0.25267312,0.49307558,0.70750105,0.23695312,0.49411464,0.36465323,0.66268015,0.4086178,0.3472735,0.65857184,0.78261775,0.4920203,0.4799485,0.5981073,0.6702252,0.6224624,0.7446273,0.44269463,0.57758075,0.64998233,0.82763445,0.16865496,0.3304993,0.27926096,0.8057079,0.4728779,0.38713074,0.3509041,0.68894154,0.41556326,0.810813,0.5785387,0.39943781,0.3242317,0.5006069,0.20653918,0.5811089,0.3939313,0.7854664,0.45559072,0.3740993,0.82986546,0.7249246,0.27585733,0.42576748,0.42492062,0.5685062,0.69328636,0.24372019,0.5753811,0.19926575,0.3731532,0.37099743,0.47067347,0.5269033,0.45791885,0.51108575,0.6638453,0.1788,0.564964,0.60063714,0.70407575,0.7101069,0.6133779,0.39508745,0.837905,0.31128567,0.3569629,0.6202785,0.81479365,0.45425966,0.41257623,0.6617313,0.5532467,0.47448304,0.31032,0.32541245,0.5841378,0.84584343,0.5076231,0.4240509,0.7714397,0.5918665,0.6191637,0.2948929,0.71622103,0.5653634,0.42044502,0.62143946,0.5512753,0.7600321,0.29142746,0.33029228,0.44440386,0.50929314,0.18975928,0.28495893,0.6661486,0.2453125,0.8111402,0.376572,0.51705664,0.72008705,0.6130697,0.7119277,0.3938133,0.44411027,0.7059056,0.57332283,0.34986925,0.79197717,0.3117008,0.6614495,0.32950878,0.49741974,0.7194069,0.52642286,0.78677416,0.73220015,0.6424115,0.40516365,0.45669428,0.71500367,0.618749,0.12846446,0.6143629,0.5549683,0.48391786,0.7963443,0.08139504,0.4423773,0.5243883,0.789195,0.7143249,0.3541283,0.25925574,0.48179147,0.37856424,0.66264653,0.48181692,0.40242726,0.6410529,0.41077515,0.25929636,0.4776895,0.72357064,0.5392573,0.8118051,0.75937146,0.27753094,0.7444811,0.34002697,0.2731277,0.561043,0.7156427,0.5696438,0.50993145,0.37122193,0.44706187,0.5639938,0.32554248,0.30922833,0.67261136,0.49056187,0.60959953,0.31222436,0.6134127,0.5880524,0.3716524,0.3717508,0.71987975,0.5685667,0.3740897,0.41142836,0.37306094,0.47113323,0.8206015,0.5604109,0.61301357,0.18580566,0.6574619,0.6919509,0.6662113,0.3280723,0.41923788,0.430319,0.37189692,0.1422655,0.3131241,0.53678226,0.6805041,0.28083882,0.5328718,0.4773621,0.5764792,0.20375893,0.48062545,0.42234176,0.31007493,0.26151127,0.3676014,0.7277808,0.8762798,0.14364767,0.42444152,0.60296035,0.22442803,0.82266515,0.7224699,0.59498715,0.821343,0.49568024,0.7011275,0.65988606,0.35438094,0.10707582,0.39617455,0.40644258,0.3628821,0.5413291,0.8240523,0.27239126,0.82186246,0.8480656,0.41260973,0.62753254,0.19950646,0.39019236,0.34488127,0.40385866,0.60092753,0.26401883,0.38913804,0.18725939,0.6928209,0.53592086,0.4731365,0.32075447,0.28060365,0.5791788,0.10418239,0.49678075,0.19099449,0.3904988,0.2260089,0.3474693,0.48295373,0.82810324,0.5474466,0.1902033,0.7267843,0.752368,0.23400569,0.43030697,0.48408476,0.7043417,0.5155615,0.7605681,0.6625913,0.6815771,0.54809517,0.620138,0.32485875,0.77212524,0.7775669,0.76803076,0.5425615,0.18838717,0.7328807,0.72059786,0.63915616,0.64680207,0.76694673,0.89736736,0.368291,0.48826116,0.7162187,0.45304483,0.14634141,0.6974022,0.24026114,0.28496093,0.18445133,0.4607416,0.37979177,0.47381124,0.6231527,0.50982946,0.57118654,0.290069,0.5568067,0.93019825,0.23939452,0.43117413,0.796435,0.2695636,0.35744336,0.5198361,0.49166918,0.60319716,0.19139075,0.19786,0.5704251,0.3041861,0.92383313,0.34442163,0.8309041,0.26271388,0.78320384,0.50345117,0.3534338,0.43965247,0.30161458,0.7450001,0.56777275,0.49887127,0.5929077,0.4345317,0.2888886,0.76558787,0.29656902,0.58065724,0.7406332,0.83152336,0.3656949,0.52500635,0.6856672,0.3568808,0.2510613,0.42894402,0.3837789,0.57193625,0.70736575,0.32815653,0.6111497,0.64704216,0.342398,0.54505074,0.65724,0.4997679,0.58149755,0.4344622,0.24907072,0.50613654,0.27467483,0.70218,0.41549686,0.3272052,0.65326667,0.39460045,0.32997552,0.5475806,0.14156918,0.64809203,0.500327,0.95507747,0.6125808,0.800191,0.8656778,0.7083885,0.42563748,0.12878685,0.5159223,0.48109713,0.50182444,0.45465025,0.34141022,0.83880687,0.22507048,0.32890302,0.46831033,0.22020298,0.43980536,0.2839859,0.18061411,0.5453472,0.77953076,0.7767476,0.45040223,0.56833047,0.42722756,0.933621,0.1762798,0.28626737,0.4752033,0.6148695,0.59073126,0.3585045,0.28791204,0.54585415,0.27878377,0.72119504,0.48275802,0.5043501,0.3820169,0.6490701,0.62027895,0.5414612,0.6720745,0.22447853,0.3976171,0.70974517,0.59728676,0.35720268,0.1646726,0.18290122,0.7044497,0.70825315,0.35910243,0.3639463,0.10651029,0.27384055,0.5756732,0.42410523,0.30986118,0.2036278,0.854211,0.59278077,0.8229954,0.15529807,0.48433614,0.90956056,0.6408823,0.6281526,0.8491011,0.26586458,0.55912876,0.53670996,0.12633398,0.3374373,0.7802799,0.36688036,0.6118111,0.46228558,0.27197668,0.27834463,0.34950897,0.4193083,0.64789444,0.80999887,0.7799456,0.27162468,0.25000817,0.3631874,0.400322,0.5505689,0.9330087,0.8958817,0.685781,0.68375343,0.33091077,0.40328705,0.34302595,0.57346225,0.657951,0.15339644,0.6521434,0.59358764,0.3613988,0.49164677,0.41614866,0.7041487,0.4562041,0.36811373,0.37962586,0.52887833,0.19256932,0.7731134,0.3813179,0.4032524,0.374926,0.603254,0.15856054,0.45485458,0.42273173,0.41641182,0.729386,0.5000305,0.69209784,0.34082296,0.63499653,0.6879072,0.37042642,0.37530792
3,0.6347471,0.41318864,0.68774784,0.02204099,0.9368182,0.49307582,0.06779543,0.5606857,0.15669714,0.8942321,0.09124159,0.39603794,0.55184054,0.28186965,0.7205546,0.5389806,0.6300324,0.20429131,0.3239767,0.7070026,0.20806904,0.4167474,0.46222386,0.7159166,0.917996,0.47643787,0.54854965,0.4337747,0.3502858,0.90820116,0.4330745,0.47543555,0.35736766,0.5926759,0.7856309,0.5034293,0.37549925,0.70728874,0.9358833,0.8639385,0.18661925,0.861199,0.30513555,0.643732,0.20685367,0.8284284,0.37458134,0.75488967,0.50504434,0.39341253,0.4940242,0.2271876,0.71587026,0.5722222,0.35582444,0.8419881,0.87972313,0.7138319,0.54105026,0.27838945,0.07865154,0.19284043,0.77759194,0.50030106,0.7229077,0.76233786,0.22994392,0.60946393,0.5431785,0.6915413,0.90479416,0.42869264,0.8167189,0.7590123,0.63287586,0.20762534,0.17433055,0.63564414,0.6324576,0.28213626,0.5015865,0.33387983,0.42920968,0.5371291,0.6655905,0.8700825,0.5004306,0.39556053,0.5157138,0.81018203,0.92855227,0.46338087,0.7072653,0.074912064,0.2786033,0.43952838,0.73468524,0.43636218,0.6298012,0.7851783,0.075782284,0.8917564,0.49785405,0.36448553,0.41652912,0.5376883,0.57776076,0.3802036,0.27298573,0.26191285,0.62741226,0.17636468,0.7078876,0.5754547,0.6837544,0.32090318,0.71196586,0.81289625,0.40229574,0.53921473,0.78025246,0.5868131,0.5544994,0.3991705,0.08302456,0.13140039,0.4269628,0.55295134,0.61288655,0.44389382,0.22116211,0.4880811,0.57382107,0.28749558,0.46308476,0.8243538,0.68301463,0.7035426,0.70649004,0.31983906,0.33629677,0.2995631,0.68633395,0.44160146,0.78749704,0.5558799,0.5567585,0.8391162,0.6857403,0.622338,0.25669363,0.68478817,0.67701167,0.33660302,0.1459972,0.60420465,0.5558107,0.44231573,0.5942273,0.78210413,0.48582456,0.5622046,0.74110186,0.40572178,0.33451715,0.5981515,0.50921327,0.60979056,0.6420221,0.5210319,0.68838525,0.39576486,0.90732175,0.6962076,0.4542031,0.4216626,0.13143106,0.7394514,0.61231285,0.56510997,0.455554,0.49460793,0.33973277,0.67224044,0.6658235,0.24924608,0.1696061,0.6752714,0.1739807,0.59582895,0.49657503,0.806262,0.45059586,0.8328142,0.6811745,0.21271382,0.61596173,0.50609213,0.632449,0.14571989,0.50467736,0.7130299,0.33722055,0.50827116,0.6632672,0.39888415,0.15919645,0.3722061,0.29309034,0.15614322,0.74833643,0.37425292,0.79297346,0.23888725,0.7707943,0.5391649,0.6847223,0.74003124,0.38830435,0.33901745,0.5606726,0.77112865,0.89411163,0.36582235,0.33400798,0.4550803,0.44068146,0.7396694,0.54578596,0.5112555,0.26923838,0.32570627,0.8194438,0.5238477,0.49538678,0.33411217,0.75441307,0.5263258,0.23828226,0.9158401,0.7157806,0.85287553,0.4445762,0.62996125,0.8204316,0.61360043,0.7802295,0.42818734,0.7725735,0.20592424,0.5552798,0.35410804,0.68048805,0.6258751,0.6778922,0.6036839,0.39493868,0.41294497,0.26275775,0.32075235,0.8358326,0.6131007,0.5033434,0.45178172,0.44553226,0.27048525,0.57512647,0.15901566,0.87083066,0.38659754,0.72342867,0.38145506,0.6862805,0.18289268,0.23488553,0.7789159,0.7195364,0.60754937,0.4018628,0.38320544,0.6570024,0.5724757,0.2684098,0.51600057,0.5221223,0.9156746,0.54733723,0.84950286,0.8598456,0.2700699,0.5844896,0.48638555,0.7078212,0.14012496,0.34439284,0.34906045,0.3370864,0.6395637,0.41448715,0.5797081,0.56478304,0.7195532,0.52593017,0.43470615,0.75104916,0.40400657,0.60723317,0.94957167,0.1616567,0.3190756,0.61339796,0.7595772,0.6109372,0.4211712,0.56958467,0.48176745,0.3980154,0.063105986,0.68087834,0.31183603,0.3751695,0.57718766,0.41393435,0.9290825,0.43917003,0.34559962,0.45669717,0.42687485,0.8964095,0.4185403,0.20052747,0.9405624,0.50779027,0.5312425,0.74166477,0.08277889,0.8193521,0.8228922,0.8995868,0.25486135,0.91959995,0.6604011,0.6850822,0.4749569,0.4717925,0.1645845,0.6489964,0.7870136,0.6317937,0.55181545,0.061441004,0.42441773,0.37974113,0.4781451,0.11296707,0.6953292,0.554901,0.38383028,0.27036762,0.47243822,0.49036992,0.39887106,0.6864608,0.40637425,0.57591206,0.64311045,0.1523484,0.78598535,0.52855057,0.5165173,0.8321174,0.27591202,0.3528294,0.41625357,0.7805356,0.5684987,0.34387928,0.49467647,0.50119805,0.5418079,0.21597895,0.76387405,0.31335804,0.52455974,0.7458982,0.80832535,0.14406648,0.50051093,0.22779146,0.25845757,0.7530173,0.5247964,0.67833394,0.63623315,0.5030529,0.43964025,0.35262477,0.40785426,0.7548575,0.39152902,0.75292933,0.30921176,0.6297303,0.44264883,0.478758,0.7568975,0.5253072,0.2577305,0.3754765,0.4108333,0.14915356,0.83155954,0.5579195,0.3600002,0.42691016,0.29849085,0.7911356,0.3409857,0.4626416,0.8781613,0.5564598,0.8844399,0.96128684,0.42373118,0.16571899,0.38893268,0.6886106,0.22025082,0.8476286,0.031455237,0.62479806,0.4658671,0.5873704,0.5073662,0.5417251,0.40656924,0.7344906,0.33389142,0.7965733,0.8542326,0.4340472,0.7393962,0.49878055,0.74401903,0.15193552,0.4467674,0.62267345,0.46622783,0.849946,0.44770148,0.91765237,0.14978938,0.33367193,0.26716796,0.21897468,0.47831717,0.5019532,0.84006506,0.13728264,0.8273949,0.60399085,0.24253114,0.5001657,0.3992781,0.8947366,0.42234167,0.56843704,0.7051143,0.455041,0.441598,0.5721906,0.65097284,0.6644642,0.38056383,0.4957481,0.33290347,0.7944715,0.5122223,0.48405114,0.529011,0.57506084,0.35114446,0.5739573,0.78384167,0.35268024,0.58630943,0.56329,0.58352,0.635387,0.7311287,0.52105105,0.33530343,0.6328199,0.8867899,0.7831455,0.42217106,0.5294712,0.5100689,0.72184354,0.60805744,0.3741983,0.7617461,0.0644563,0.6687137,0.3474811,0.45562175,0.3863286,0.57682484,0.4831541,0.69762397,0.5367411,0.4422108,0.3486125,0.15727028,0.7957834,0.6164653,0.70733875,0.7231729,0.21804895,0.5799829,0.26910707,0.7121184,0.6525647,0.29623973,0.7038112,0.8493522,0.6813256,0.761556,0.43452123,0.64208585,0.39771825,0.7718466,0.7223109,0.19335246,0.3422649,0.74904907,0.16561086,0.50147575,0.44593087,0.21271127,0.64118254,0.6050149,0.20253755,0.59593695,0.6201501,0.23782086,0.76504177,0.76827663,0.8194167,0.34561193,0.3328578,0.6295895,0.547556,0.3720781,0.8270717,0.60924685,0.8867493,0.39149606,0.39760658,0.586893,0.2117365,0.74213654,0.273411,0.18579572,0.7013924,0.34415594,0.56269425,0.62298226,0.7172644,0.62441754,0.2946882,0.5865862,0.79843026,0.6497116,0.79113287,0.6750214,0.7620235,0.59528714,0.44468835,0.3093379,0.5453364,0.6071722,0.3718631,0.76625854,0.38624066,0.13874952,0.2831694,0.3846909,0.8152787,0.86315924,0.7757814,0.4157761,0.5557405,0.1760643,0.7525278,0.51546043,0.57245344,0.20442732,0.2444718,0.24610052,0.85855615,0.5404439,0.11999307,0.37250867,0.70391566,0.78398705,0.5770245,0.5668474,0.6166919,0.85455775,0.22995181,0.7613035,0.2923333,0.28069687,0.8499405,0.5027267,0.75184584,0.2997077,0.59643203,0.67539394,0.6122182,0.69779354,0.30572256,0.18926193,0.31305328,0.37536067,0.28965652,0.23327102,0.7707054,0.25382778,0.80916226,0.85152954,0.93948185,0.37177616,0.65225714,0.3243896,0.23365633,0.67608887,0.47676545,0.70131195,0.5032254,0.73919654,0.18587881,0.42269358,0.36353728,0.5370178,0.55708605,0.14369254,0.34130555,0.76965296,0.27458817,0.69804895,0.23054326,0.8151274,0.5222534,0.6934468,0.6573419,0.5608288,0.58239144,0.19656664,0.5672571,0.31827936,0.7439572,0.42977595,0.3420847,0.7896839,0.57842463,0.84472436,0.7449758,0.10009035,0.7838677,0.46739593,0.5808392,0.6327064,0.7278365,0.7852961,0.6072111,0.37682405,0.8032909,0.39377892,0.76612216,0.47842532,0.13658561,0.4237996,0.38349673,0.36199743,0.7813353,0.40495417,0.6331201,0.7151105,0.53113174,0.6569012,0.69996774,0.7856684,0.28191796,0.7473665,0.10564397,0.08660698,0.53736144,0.26264897,0.7339748,0.44494703,0.5822199,0.25036547,0.6122503,0.6625318,0.67022574,0.6390961,0.9351983,0.7264929,0.8539852,0.4041095,0.8423323,0.67881703,0.45279896,0.69788384,0.6424749,0.6462763,0.41046393,0.60961765,0.42098975,0.18924677,0.44871786,0.4128308,0.2954932,0.5770696,0.23029475,0.67377096,0.47172084,0.84621066,0.75590813,0.4610059,0.09741469,0.18041341,0.6000376,0.8886932,0.2146637,0.7619146,0.3888507,0.5601242,0.25578088,0.9294365,0.60830635,0.17410752,0.14212662,0.30375406,0.5591667,0.58596,0.3829183,0.44953823,0.66921246,0.3399068,0.5400687,0.3760552,0.16520044,0.6796172,0.5714917,0.6222276,0.2890872,0.7028516,0.86753386,0.8063771,0.28719527,0.7127744,0.42486295,0.9167065,0.46866414,0.86376053,0.5837211,0.19573125,0.3530047,0.48054442,0.53438115,0.31260523,0.5575472,0.79077,0.5832731,0.46254638,0.4790954,0.5804748,0.5291903,0.44209698,0.5733788,0.16604923
4,0.558295,0.6275599,0.18241441,0.73698485,0.6440569,0.6857149,0.6156884,0.640075,0.82573897,0.42968506,0.3997917,0.6602889,0.57764345,0.502569,0.36599427,0.7187552,0.7103004,0.41998452,0.58062154,0.5827932,0.3429663,0.43556005,0.9005272,0.2675021,0.2052919,0.33083963,0.89697844,0.37992552,0.4259819,0.47113067,0.2951163,0.67572683,0.6498798,0.447629,0.6882626,0.25774983,0.576603,0.38668954,0.25603655,0.3465882,0.7356667,0.5240387,0.2110546,0.676918,0.6967583,0.6990214,0.56782705,0.49221307,0.6865647,0.71984,0.6231207,0.32161614,0.65880615,0.33640796,0.36707166,0.78254145,0.7687157,0.36719668,0.17226407,0.32730025,0.7127798,0.6002521,0.76982206,0.8156362,0.56126845,0.21143416,0.22789764,0.25123858,0.7570824,0.6721398,0.5880871,0.44826227,0.46586773,0.56182396,0.6042458,0.7609895,0.6392844,0.53097725,0.36466002,0.57220566,0.037685815,0.33254153,0.43685478,0.5368443,0.6839881,0.6920497,0.22868025,0.6421969,0.17226303,0.45861912,0.55816954,0.6613366,0.812823,0.16451088,0.7607621,0.39334086,0.5418343,0.46995434,0.42253885,0.18597493,0.6958702,0.62650037,0.40784022,0.28511336,0.88233626,0.4007301,0.4779728,0.23683664,0.6825892,0.53920674,0.71911883,0.7977718,0.5265177,0.20660546,0.59168524,0.7280409,0.39849067,0.40781724,0.12461365,0.6099223,0.19158432,0.8748719,0.42621663,0.67723674,0.59540504,0.7439634,0.50324816,0.3390068,0.49028033,0.43049446,0.79173577,0.8305375,0.4693587,0.46784693,0.6150325,0.73079133,0.69193953,0.7953225,0.5179592,0.67780143,0.5150052,0.66054475,0.46314886,0.3761407,0.5304149,0.53512937,0.6535858,0.36156726,0.793069,0.41684586,0.9680284,0.4810477,0.36606878,0.46240437,0.79398626,0.760102,0.5234315,0.61287713,0.30022764,0.51952314,0.60171497,0.30041033,0.41761604,0.7740184,0.39006832,0.6694492,0.2665195,0.39679438,0.30317214,0.47167766,0.13571374,0.8868367,0.55730516,0.62575465,0.42522025,0.27114284,0.40189794,0.4810114,0.8066357,0.46953505,0.39436838,0.75951076,0.771349,0.04787402,0.24363296,0.21719536,0.58451706,0.42598796,0.6139282,0.07910282,0.5954101,0.47146326,0.59694374,0.6655649,0.66491836,0.8912547,0.23050776,0.64620423,0.8297274,0.79874647,0.55012065,0.061061136,0.6986375,0.62508917,0.3891918,0.24804172,0.7142378,0.41153455,0.444619,0.41497672,0.14485501,0.76708215,0.31267104,0.4168664,0.53360033,0.50581515,0.835729,0.6148016,0.66481584,0.5427701,0.5510153,0.4231106,0.60154164,0.5425865,0.76433885,0.43472606,0.46069384,0.56487864,0.33718106,0.6583264,0.41812146,0.3319864,0.6141626,0.52879304,0.8025955,0.5036559,0.37416673,0.30807763,0.41305718,0.2916473,0.59978735,0.23339182,0.61936057,0.47927716,0.5697843,0.20169322,0.09964165,0.7498161,0.4520526,0.5378797,0.7188648,0.752188,0.5536929,0.8435282,0.7095156,0.8908109,0.3506566,0.08362486,0.8857651,0.6955253,0.47006264,0.30882084,0.21970257,0.6040347,0.3252321,0.6510928,0.56658155,0.4276392,0.35502684,0.40100563,0.59661734,0.38980964,0.710735,0.5827042,0.68303317,0.33156535,0.12763691,0.5938301,0.5409081,0.3467491,0.44552943,0.33115074,0.545493,0.74433625,0.29810876,0.52743995,0.56538516,0.23143639,0.5589729,0.78405386,0.8468173,0.54966193,0.072421476,0.8510261,0.7427294,0.24798618,0.26178908,0.35259157,0.7117336,0.6996592,0.36266932,0.24464118,0.2541666,0.5032973,0.34069172,0.9365886,0.3552021,0.6896165,0.5660028,0.60346067,0.82074934,0.4683345,0.36764213,0.25898096,0.5119555,0.4330028,0.36721653,0.6076243,0.3627688,0.8362234,0.59758687,0.3711684,0.7016585,0.16234432,0.41875243,0.26894173,0.39106876,0.59201276,0.5020165,0.5609858,0.9288396,0.16104631,0.28790247,0.8357297,0.4724421,0.77040416,0.4881891,0.5099103,0.5231018,0.47461015,0.17609288,0.3052974,0.68484086,0.58322936,0.73990667,0.48846775,0.46705902,0.4383882,0.66659623,0.40847299,0.72292495,0.33411747,0.61448073,0.56838524,0.1646532,0.10429351,0.84471875,0.33490694,0.5386722,0.80342966,0.7063365,0.6585376,0.67416,0.43081445,0.109928206,0.09412658,0.5872547,0.60603,0.80559677,0.6448674,0.38487276,0.62973493,0.48342082,0.72567946,0.56461096,0.09597271,0.41913876,0.35523587,0.717305,0.5214969,0.6865956,0.11079058,0.8047961,0.24838652,0.5527823,0.33936864,0.6097484,0.3141095,0.7386786,0.63331616,0.46397415,0.30268902,0.6739607,0.50704163,0.6096171,0.77649176,0.691549,0.55876964,0.46974623,0.52792174,0.54951084,0.81139654,0.63224894,0.7961648,0.48928377,0.49908984,0.74553144,0.6314156,0.90411174,0.13189663,0.36981505,0.43408188,0.32869306,0.85394716,0.42431203,0.19751282,0.5244758,0.25261974,0.49326172,0.18277538,0.51528424,0.14482053,0.22309525,0.5221065,0.72512203,0.7628548,0.50979984,0.46904227,0.10541159,0.80248314,0.1341631,0.3849032,0.56799537,0.3606426,0.65253115,0.48590368,0.37695834,0.5683197,0.29026186,0.37397772,0.6073216,0.8297026,0.7976128,0.33894655,0.7686363,0.66699874,0.15712559,0.6045717,0.3560425,0.5532907,0.81490505,0.6109302,0.34285152,0.514502,0.82116824,0.29182076,0.6172812,0.76221687,0.7368324,0.41205534,0.67831403,0.7005372,0.5702125,0.32579428,0.6176483,0.08902398,0.36027956,0.87880754,0.3078869,0.7253974,0.32348427,0.27660984,0.13534862,0.25614443,0.7312841,0.07362012,0.27216926,0.60702723,0.53068835,0.5762092,0.5308126,0.8261326,0.74985236,0.64021003,0.6338986,0.81846476,0.29677257,0.24036765,0.18494499,0.22142135,0.4444152,0.22334762,0.44507235,0.20338954,0.82362765,0.46034363,0.23140007,0.18503031,0.6794727,0.3064243,0.8350982,0.6579154,0.43652135,0.5928643,0.6469112,0.8300833,0.26372144,0.36782616,0.41973728,0.58953184,0.4194517,0.7166573,0.4770484,0.2847181,0.59890765,0.64043313,0.48987308,0.45493627,0.82811296,0.31323868,0.6516112,0.15955955,0.3853438,0.11788447,0.37750018,0.31575558,0.23323436,0.87242216,0.6804193,0.5918708,0.72164965,0.73873776,0.24410085,0.44777253,0.6039183,0.33669317,0.5383271,0.78099746,0.6599859,0.5969965,0.63437325,0.31314376,0.8294798,0.7825866,0.5484021,0.6559568,0.4554533,0.35112357,0.29743755,0.5564741,0.30026764,0.4018956,0.44085267,0.6251747,0.6814779,0.5879555,0.3022383,0.7071217,0.7982354,0.56495273,0.6867967,0.3099851,0.658916,0.6703228,0.3881032,0.5016426,0.39529905,0.4448651,0.5043375,0.19780464,0.47289026,0.09353525,0.34970346,0.37889168,0.65971154,0.88076985,0.3664456,0.6389299,0.88332176,0.5280396,0.49327725,0.5167869,0.70647645,0.75988585,0.51433,0.7466307,0.7083104,0.4741983,0.1246497,0.45810735,0.42915866,0.66715735,0.7594092,0.5834606,0.2308668,0.57657874,0.083169945,0.47065255,0.73356366,0.45117643,0.5165187,0.5469258,0.4253884,0.6051482,0.49490032,0.31454304,0.35503897,0.594718,0.49541473,0.69932634,0.8103669,0.26849255,0.909907,0.49464726,0.25024307,0.8454938,0.6083546,0.7146783,0.5888878,0.63616705,0.6352496,0.5708278,0.84812874,0.4843785,0.64456517,0.4686979,0.38338563,0.33347422,0.5528193,0.4420955,0.890556,0.7084176,0.4121937,0.70420855,0.18924698,0.43937853,0.3173221,0.31637716,0.475352,0.54505527,0.12494343,0.3799304,0.22571717,0.28525203,0.75428236,0.41950876,0.6586127,0.8778062,0.54734004,0.32652763,0.69092035,0.64163226,0.6317001,0.39316824,0.8015044,0.58267313,0.39312685,0.5382371,0.4804429,0.6976358,0.43732846,0.7127692,0.17945257,0.7203714,0.298369,0.27572206,0.63313735,0.337998,0.57738954,0.8132963,0.11031332,0.48807502,0.597827,0.74084115,0.26637602,0.7374699,0.1022339,0.33319095,0.2067059,0.67015684,0.5068601,0.6446005,0.8302034,0.34336057,0.35751352,0.29244235,0.88887596,0.7116572,0.7405939,0.26392424,0.84383214,0.6991886,0.8348486,0.29900923,0.5373274,0.4925228,0.5350312,0.6557681,0.58006746,0.7732198,0.3845924,0.21735564,0.4652315,0.81875575,0.5097414,0.6586938,0.85997033,0.5833032,0.42053345,0.45067838,0.44877416,0.6749198,0.5537743,0.60766894,0.27150413,0.7112354,0.13828517,0.26597807,0.55918664,0.63873947,0.8192111,0.69444746,0.45233935,0.46105704,0.58292085,0.60966736,0.22200803,0.38847998,0.31927767,0.44638154,0.68773615,0.5485496,0.51965934,0.25750446,0.7057255,0.26802954,0.5471044,0.7169111,0.36586356,0.5726307,0.76860255,0.3776883,0.56163865,0.6159469,0.5414826,0.22703251,0.3996425,0.93462926,0.24021535,0.76923335,0.63341665,0.5256925,0.69297,0.7314237,0.8212452,0.3121683,0.60982966,0.41011468,0.84722304,0.6117224,0.31350306,0.15774685,0.28723016,0.421689,0.3893743,0.72796196,0.4359552,0.56230915,0.40132302,0.33864424,0.65565556,0.6144879,0.46381426,0.3017373,0.4820782,0.71040356,0.5738967,0.3893312,0.7158269,0.7588475,0.32375246,0.3803224,0.45451796,0.64150316
5,0.49182117,0.76336455,0.75360465,0.9326866,0.87761146,0.826651,0.60988915,0.5592206,0.6176016,0.10745915,0.80238587,0.69566184,0.81589496,0.8526585,0.050185967,0.15553226,0.22522472,0.3121663,0.091835275,0.48164082,0.6221373,0.5425512,0.6494967,0.43262222,0.6572562,0.10119479,0.44690523,0.39353657,0.6687574,0.64376837,0.85801303,0.282598,0.8986031,0.86285526,0.6038799,0.6074455,0.8730247,0.37270936,0.82419735,0.3653272,0.4972386,0.48232168,0.17476164,0.4792835,0.3550372,0.71963143,0.250431,0.67559534,0.56562173,0.67315185,0.3201767,0.33288568,0.33793446,0.20477696,0.59925145,0.3008066,0.4986772,0.29224184,0.51362705,0.59418404,0.5309849,0.42729035,0.5147268,0.625769,0.28121924,0.41858318,0.40693915,0.7956692,0.31452373,0.5679591,0.28178602,0.55707264,0.58270586,0.22780424,0.68373114,0.27626497,0.10783569,0.7405172,0.6152822,0.6763912,0.5506722,0.8785016,0.6157624,0.5576561,0.30757192,0.3471513,0.80116266,0.57315075,0.74266994,0.57869744,0.042238638,0.102976404,0.02888543,0.8635819,0.33269757,0.43292367,0.60263085,0.15689805,0.80615085,0.82993174,0.6868601,0.48140404,0.79004407,0.62224567,0.76045734,0.68901813,0.5254835,0.74906087,0.73546004,0.42347416,0.63793,0.38412577,0.30021384,0.5427512,0.31193048,0.8936507,0.17366323,0.26116866,0.29352784,0.70788085,0.55171174,0.2246132,0.887202,0.5406375,0.57667875,0.79750353,0.32506582,0.55503005,0.29828286,0.6883335,0.5573089,0.7378303,0.92299795,0.54471534,0.35050055,0.11108645,0.8510792,0.790288,0.15526415,0.9144023,0.4394745,0.29080206,0.8551099,0.33343127,0.8951027,0.6163713,0.39989656,0.26439953,0.42423323,0.739067,0.861959,0.3438825,0.42212227,0.62149024,0.64066625,0.48497227,0.56609887,0.48244473,0.23234662,0.75219285,0.5953241,0.32779014,0.8245709,0.28150064,0.86049235,0.48564988,0.43958098,0.5589927,0.70821494,0.85113275,0.44003975,0.64834714,0.3574545,0.24460074,0.74947506,0.13842781,0.75715417,0.2979215,0.38840866,0.52500826,0.87571746,0.7203346,0.46803072,0.77910405,0.66993123,0.75935,0.35252127,0.65748584,0.8869107,0.7888277,0.19399056,0.3113253,0.83917373,0.32268068,0.5526342,0.64995086,0.927694,0.61897904,0.47450206,0.7556997,0.09705913,0.15522037,0.86343324,0.9450643,0.8347972,0.22205526,0.41747645,0.16279581,0.52140385,0.43537414,0.56067663,0.31503183,0.5596976,0.8339294,0.43674853,0.47194287,0.3786276,0.7664087,0.85181737,0.55777586,0.09705311,0.7161553,0.121358775,0.8968732,0.688065,0.7268896,0.3348303,0.16633803,0.69003034,0.29093578,0.67517823,0.24388784,0.4655861,0.40949252,0.4008394,0.3020468,0.4204649,0.5572344,0.8589807,0.8290359,0.6861602,0.22551282,0.42788613,0.41969952,0.7101418,0.26962885,0.43902045,0.6019599,0.45806473,0.7952748,0.44719055,0.59161407,0.8449085,0.7331649,0.8923346,0.23763013,0.0578905,0.37140507,0.8390325,0.7033604,0.534225,0.4894015,0.21430832,0.74564475,0.43516952,0.45550463,0.86956066,0.17782782,0.83852285,0.32335255,0.43591487,0.21155569,0.5091576,0.26011053,0.78567624,0.23972619,0.5214215,0.42704684,0.19611552,0.61151177,0.8039853,0.5546764,0.7293082,0.48761553,0.54864204,0.2721839,0.32864153,0.527284,0.23847201,0.889579,0.3019272,0.24035642,0.2377133,0.7285202,0.8994052,0.6198506,0.42229396,0.60654306,0.10375141,0.68254936,0.09995194,0.40637386,0.58655286,0.79886454,0.4884095,0.67232186,0.644781,0.24275552,0.6510829,0.42904165,0.6750892,0.6679949,0.514737,0.71157223,0.6025702,0.5120323,0.079326294,0.4678754,0.0688745,0.7374777,0.56680727,0.46309775,0.2488588,0.6786791,0.84039915,0.7440004,0.42013875,0.044118356,0.6281931,0.85701346,0.74687845,0.50824296,0.9306799,0.6125368,0.1656345,0.6576489,0.67752004,0.213088,0.082820415,0.32064128,0.49837428,0.46582618,0.7371509,0.66863155,0.53067505,0.48511165,0.41119498,0.16686492,0.56341416,0.50575256,0.70675653,0.96501553,0.88593185,0.58027095,0.88431007,0.15060173,0.20799462,0.91468847,0.48086384,0.45084095,0.5887619,0.61492676,0.61553365,0.31735513,0.7897328,0.601883,0.79847854,0.8725145,0.14378917,0.40643513,0.7049066,0.2191514,0.47625527,0.8431806,0.5040156,0.4454983,0.072067186,0.80310583,0.88065934,0.13464527,0.7177669,0.09674762,0.5254227,0.5544513,0.8704756,0.094340354,0.13415089,0.3663089,0.6117982,0.6653988,0.68876815,0.4415054,0.41590333,0.81327075,0.8596444,0.07292283,0.8878865,0.5060178,0.112975,0.7572953,0.7322621,0.48746523,0.41052303,0.59483767,0.78121376,0.68452483,0.38590634,0.2635989,0.1317872,0.09347593,0.5006255,0.5346002,0.6243002,0.37558457,0.43380946,0.74981254,0.19837558,0.51344925,0.49128893,0.39084917,0.5153197,0.5417414,0.07166216,0.1814381,0.7944499,0.87636197,0.07180655,0.6129644,0.4670324,0.33903074,0.96746284,0.80418974,0.6662454,0.104657196,0.3994254,0.20249805,0.8053929,0.195512,0.38171393,0.60395074,0.7211939,0.38334042,0.17971823,0.6064175,0.6784514,0.8796579,0.8345614,0.87197256,0.6970773,0.5599071,0.508639,0.3333121,0.7501491,0.7203968,0.56332296,0.64874244,0.10714404,0.8110344,0.23927444,0.20247948,0.31640208,0.59114563,0.85881925,0.6854898,0.699776,0.4616151,0.542483,0.40071484,0.06250809,0.87704486,0.85896206,0.53293484,0.25550398,0.6176337,0.23686382,0.6553748,0.4755202,0.7588712,0.26586667,0.5680543,0.6572919,0.9021993,0.46255955,0.1849017,0.552968,0.3453447,0.6448098,0.47776622,0.7196823,0.3244293,0.6063142,0.35920858,0.51553607,0.28412566,0.41931874,0.76717174,0.7528088,0.15542863,0.7412801,0.79079825,0.54723006,0.4102465,0.59091365,0.66112834,0.8758669,0.44298276,0.43916324,0.5489038,0.42931616,0.8840884,0.5905473,0.9791461,0.87920827,0.5961428,0.48289198,0.20103854,0.49946627,0.76406676,0.4944097,0.51294684,0.37574655,0.7618645,0.35952425,0.22315966,0.40467474,0.4683261,0.4914064,0.3710806,0.35163754,0.49384922,0.09555777,0.40159294,0.58657473,0.78556645,0.84535116,0.77194875,0.12229059,0.14568534,0.62311786,0.21007401,0.76369786,0.5780467,0.40824208,0.7919993,0.52561384,0.41261303,0.5081211,0.6075972,0.88007295,0.7994765,0.7531286,0.5381144,0.70044124,0.8934768,0.09826598,0.5299547,0.09060064,0.32523426,0.6302064,0.2533753,0.5734535,0.8965181,0.48794317,0.07030546,0.6959713,0.8100809,0.29052544,0.8728542,0.5885694,0.74636626,0.57903606,0.47034043,0.34180164,0.9168519,0.3797543,0.25340185,0.110723525,0.5797896,0.38959458,0.67160404,0.3300597,0.13193479,0.6470271,0.71756417,0.44398513,0.8129691,0.34866992,0.23248208,0.5010986,0.38588232,0.4424491,0.35203695,0.39978,0.55105877,0.7382694,0.72044116,0.7035168,0.5032269,0.48055834,0.5470095,0.35539234,0.43274772,0.8551762,0.43621555,0.24885304,0.5362636,0.31171107,0.77519834,0.13835065,0.28573546,0.62268525,0.5418186,0.6555376,0.8509537,0.3046249,0.7512906,0.48089945,0.7184962,0.59408456,0.2704208,0.6356181,0.3494262,0.5692757,0.86268246,0.24599123,0.21091832,0.5652416,0.7241414,0.43697563,0.760944,0.46257755,0.4116399,0.32028148,0.7149832,0.6077825,0.51027113,0.2694437,0.7376436,0.29670912,0.5656649,0.8541734,0.91857624,0.40408993,0.81917065,0.48282394,0.92971146,0.5739247,0.598926,0.8619506,0.6070804,0.5941546,0.59384054,0.77256054,0.41016674,0.4193639,0.17117651,0.67690414,0.64685565,0.47759846,0.7959276,0.54846996,0.6658654,0.04115497,0.24623506,0.66579163,0.2935442,0.55776656,0.5305489,0.35409743,0.5239252,0.3244363,0.18582723,0.5614497,0.50985664,0.66974753,0.2665659,0.9295495,0.7899642,0.27555832,0.482315,0.4381264,0.80364877,0.39626285,0.7350226,0.48032582,0.6788918,0.79059035,0.44902635,0.3352164,0.49985066,0.061872207,0.86284125,0.3524851,0.31961918,0.5959183,0.56486064,0.17254241,0.7353679,0.79720914,0.14015248,0.6505797,0.21564232,0.5284192,0.64346755,0.42085585,0.6282313,0.11455878,0.5780133,0.28149936,0.83196944,0.79969853,0.44626227,0.5234691,0.3429688,0.91876185,0.30145586,0.69428056,0.32737318,0.6835401,0.7074791,0.35392067,0.25481454,0.52955204,0.4791116,0.8808136,0.36316186,0.51555,0.5108339,0.90570825,0.82225543,0.8611541,0.76003194,0.6150704,0.669304,0.4970514,0.8624169,0.7555686,0.089864254,0.684529,0.19156918,0.5238743,0.15531714,0.18886495,0.24418905,0.2547628,0.7407977,0.077590965,0.18968156,0.5545234,0.27952275,0.90675825,0.50728387,0.7625982,0.44890785,0.6779272,0.6095476,0.69613767,0.8370118,0.6485505,0.5874879,0.18905249,0.48669156,0.7497686,0.72291386,0.40907672,0.34727362,0.72443193,0.33920825,0.7357304,0.6837005,0.5896182,0.38807034,0.41037017,0.37128884,0.196662,0.53957933,0.5326688,0.4419694,0.7430642,0.31947792,0.44145793,0.6529139,0.24807437,0.90621036
6,0.47777134,0.4378101,0.3645895,0.38083616,0.8184669,0.49593255,0.276072,0.683224,0.083354004,0.6276479,0.4459637,0.19910535,0.6884995,0.75792557,0.7554917,0.36011204,0.6631958,0.48122066,0.6832117,0.66005653,0.12819771,0.39075783,0.7213616,0.3322635,0.1489345,0.44286472,0.32443982,0.5937804,0.75976026,0.9348771,0.5362359,0.701046,0.40974292,0.271647,0.6521455,0.6715931,0.8574091,0.07199618,0.8926986,0.519747,0.4279371,0.40238184,0.6119621,0.685476,0.45073518,0.8355112,0.0839128,0.68522465,0.40068617,0.5742147,0.327942,0.5922006,0.41513285,0.5621103,0.38627225,0.68829864,0.3718985,0.44596785,0.58297604,0.49178246,0.7915605,0.7928922,0.5506172,0.6930806,0.93266034,0.21062505,0.6386222,0.47694263,0.48907417,0.60411376,0.34851524,0.3961795,0.58081776,0.5081015,0.6136252,0.2764453,0.49454612,0.5520462,0.3626786,0.48009804,0.4655727,0.7905515,0.41655946,0.5197373,0.24376106,0.7759485,0.33538306,0.47765577,0.60909295,0.47378555,0.45393932,0.6883225,0.1627986,0.4008315,0.47957534,0.6797592,0.49005154,0.59657586,0.3647337,0.32953322,0.09620551,0.5911291,0.58043206,0.95749635,0.64332783,0.502556,0.37510338,0.53013855,0.4742409,0.38664964,0.5504949,0.3208595,0.22869334,0.4366308,0.33205,0.459714,0.96431214,0.7435048,0.36514547,0.72138155,0.8947927,0.8783173,0.6139513,0.43465155,0.3637724,0.29622954,0.5670975,0.7699849,0.40035507,0.36790702,0.14818883,0.80316854,0.58718604,0.16097,0.3650146,0.6757035,0.69303524,0.44269037,0.6066537,0.039020695,0.5657307,0.51526666,0.8701569,0.48338288,0.34226444,0.21547094,0.45923668,0.3820896,0.48117247,0.26994142,0.73723495,0.39801806,0.5849751,0.67842966,0.3115194,0.48569268,0.2579197,0.3596339,0.7885153,0.5692924,0.82282597,0.49751717,0.45103163,0.71287096,0.30901265,0.6405034,0.910096,0.30605012,0.13273855,0.32130235,0.7769271,0.51360226,0.4726388,0.47551954,0.13612178,0.39575002,0.59495413,0.31351346,0.4891606,0.7276418,0.5754987,0.19080526,0.12477828,0.49714878,0.34039253,0.43929285,0.65239286,0.6511905,0.66036475,0.790862,0.8184972,0.6497068,0.8240646,0.54284096,0.7633833,0.26132393,0.5069812,0.41254672,0.7041009,0.57818115,0.4853852,0.34566435,0.5172839,0.12531644,0.9089641,0.17378011,0.24917752,0.36189854,0.87743366,0.39130503,0.31184903,0.91416645,0.8538279,0.65789783,0.5872525,0.32292768,0.7458181,0.8160484,0.3247417,0.64520514,0.40528536,0.21041512,0.950325,0.38333082,0.7021797,0.6197594,0.7522727,0.41458473,0.7172237,0.46211246,0.46328515,0.11938306,0.35695288,0.79150534,0.62607276,0.16379324,0.24687207,0.5075084,0.50228846,0.45216927,0.7563481,0.7542211,0.7259609,0.7432068,0.19928512,0.39315963,0.1356388,0.9285355,0.08567984,0.32768032,0.65149885,0.09660186,0.7852767,0.6762961,0.8724334,0.62656456,0.4999098,0.45505014,0.71586,0.12215061,0.7455015,0.28753957,0.56750166,0.06972563,0.3834451,0.43652987,0.19440496,0.51357573,0.6990466,0.4872196,0.8511846,0.80475867,0.6838973,0.78390694,0.13846365,0.629776,0.4637477,0.24180739,0.70387626,0.24129686,0.4952603,0.5492313,0.12145892,0.6299737,0.7117181,0.8191568,0.28168255,0.35032538,0.2806456,0.8914858,0.6101077,0.13459106,0.5926439,0.8669446,0.5863151,0.8108222,0.49038258,0.75853914,0.455394,0.22880314,0.6474092,0.49641362,0.2965982,0.45729688,0.7381155,0.44105887,0.30139017,0.4604129,0.24603868,0.5845925,0.625145,0.2980802,0.7670713,0.4090546,0.41118354,0.6587396,0.40908274,0.3585012,0.5550314,0.48068997,0.6223012,0.4099669,0.394516,0.9126377,0.46002704,0.6980154,0.34937224,0.312221,0.46687973,0.7609291,0.47483784,0.8716785,0.45938826,0.3570816,0.71366197,0.1994159,0.8720652,0.5981022,0.86528647,0.2377756,0.36928865,0.82839936,0.83041465,0.40530613,0.45708203,0.6539432,0.48877063,0.6054317,0.46306625,0.33766136,0.3996369,0.37612805,0.5729626,0.35184136,0.39439562,0.74122083,0.45818707,0.5734689,0.35275432,0.4801856,0.31494513,0.3716609,0.55071074,0.5293637,0.4158168,0.33747023,0.40298444,0.6893273,0.54039735,0.67605025,0.82290703,0.7204428,0.3859081,0.5281639,0.47289613,0.23292719,0.32380557,0.5058469,0.56208783,0.54848003,0.49924952,0.30166018,0.7420329,0.15367831,0.4434281,0.5967511,0.25270867,0.68379396,0.7695391,0.35670492,0.40226877,0.35888833,0.29343355,0.1269145,0.259406,0.8325141,0.2534936,0.541068,0.7655626,0.42478004,0.50242263,0.6021638,0.7895171,0.70293766,0.7363281,0.6845149,0.89911616,0.27960765,0.5979683,0.33950618,0.56439155,0.65268815,0.3222007,0.510012,0.81986356,0.4777536,0.18502319,0.5475724,0.2945646,0.8726395,0.7981092,0.34242988,0.52149415,0.4220099,0.47125295,0.6335667,0.61286736,0.62238765,0.70631796,0.53827477,0.83757293,0.3455058,0.58538604,0.17877533,0.3426217,0.79157585,0.74681914,0.2580104,0.63367647,0.5188549,0.5479602,0.36813515,0.34891045,0.26358286,0.33350194,0.53122294,0.8528806,0.124543555,0.4123901,0.63581264,0.61752665,0.3848089,0.5092475,0.505554,0.34976384,0.2681516,0.42051992,0.2941222,0.3246455,0.507117,0.6866435,0.61181885,0.56953293,0.61149514,0.7334688,0.7332468,0.37775654,0.6454742,0.53881735,0.90962654,0.5894771,0.29139423,0.6055428,0.60652715,0.56623995,0.5222549,0.2946932,0.75828624,0.8372913,0.5150091,0.7805701,0.48832068,0.6411763,0.23650342,0.5362269,0.21864761,0.8373076,0.42536843,0.6516205,0.39686328,0.3380123,0.82382774,0.53300047,0.55081135,0.531369,0.79406834,0.8425665,0.20240527,0.4132307,0.3550038,0.330627,0.14460412,0.45166335,0.57794595,0.1871667,0.81845516,0.14886811,0.42576137,0.62171966,0.76417285,0.1356991,0.6901107,0.59237844,0.5954453,0.6986204,0.6268482,0.92042977,0.53942955,0.6917796,0.28230882,0.38709012,0.26964137,0.41851184,0.6532334,0.29924676,0.36719346,0.7571895,0.6954321,0.5105407,0.2805102,0.780077,0.8127251,0.78760576,0.5097435,0.3065782,0.33372924,0.4062142,0.74053437,0.43565345,0.61857206,0.5026667,0.7327278,0.23318203,0.15547015,0.3167789,0.26279008,0.6255666,0.7027336,0.8168021,0.17891082,0.49251235,0.28800824,0.48660168,0.46251205,0.73723817,0.44703823,0.7120299,0.3203157,0.64556634,0.5228737,0.68778366,0.57498944,0.6238077,0.21573547,0.9077397,0.6209965,0.34313956,0.5299954,0.737903,0.2908269,0.4824848,0.6651748,0.56941575,0.19387929,0.2975024,0.6800541,0.6035792,0.55278385,0.71669984,0.2515877,0.8147783,0.61682314,0.44298396,0.66898626,0.3031951,0.42862466,0.6575506,0.6741241,0.69254446,0.55748653,0.52588177,0.25246048,0.77753633,0.2625976,0.34680855,0.62675583,0.25284645,0.49281475,0.45027623,0.8152041,0.44055548,0.5128942,0.17979258,0.3077934,0.44409886,0.6404583,0.3995082,0.8260047,0.70395803,0.48854268,0.2766002,0.74358416,0.21308778,0.79424036,0.8418075,0.37921795,0.73950666,0.27196485,0.7398053,0.5394872,0.37580973,0.31356847,0.38862,0.1648316,0.5034322,0.7041896,0.45389834,0.44114357,0.8865436,0.15180764,0.24889533,0.56568474,0.9407069,0.3630153,0.8657329,0.5367495,0.6732734,0.8021677,0.46558288,0.38453642,0.5929314,0.22242364,0.5238444,0.6368251,0.8745106,0.43605772,0.48162594,0.34814292,0.24602482,0.6619752,0.34114867,0.41730472,0.7044011,0.4288805,0.26407054,0.79097205,0.5060051,0.29270974,0.31548738,0.8567058,0.690274,0.3491113,0.61861986,0.42698723,0.64624035,0.5243177,0.6850697,0.6763196,0.7869777,0.33307964,0.82504207,0.4148365,0.57893777,0.73381627,0.50921786,0.6214523,0.5694277,0.8619614,0.4729566,0.54572266,0.40821302,0.38632768,0.3175257,0.09211235,0.2162008,0.2929405,0.48818535,0.5759806,0.53088415,0.59491515,0.5849138,0.46689692,0.25477624,0.43200958,0.612812,0.64153355,0.2866602,0.47186217,0.54109055,0.5008053,0.922104,0.20532426,0.3723921,0.314218,0.73768157,0.81724006,0.839021,0.5395107,0.60943806,0.66320574,0.69423616,0.19452837,0.16591857,0.6639839,0.7384062,0.68856555,0.58542323,0.54714334,0.6411273,0.33918005,0.10183598,0.3418722,0.43054122,0.5549134,0.3489671,0.82622117,0.70297074,0.45367014,0.29844,0.6285175,0.5087647,0.43021405,0.8935362,0.7054414,0.18826751,0.61090386,0.76261115,0.41193685,0.6611713,0.41485873,0.3906581,0.36312383,0.77243084,0.69937074,0.5796921,0.40936598,0.6392198,0.23221466,0.12673804,0.51961964,0.3260327,0.8837585,0.52247775,0.61879176,0.46536478,0.38412142,0.494311,0.32979763,0.3304106,0.59227234,0.6079343,0.70533824,0.8137379,0.41183448,0.81047165,0.32586458,0.6472188,0.644307,0.7470832,0.42479724,0.44041368,0.6283175,0.4725643,0.62431866,0.323944,0.48234951,0.72089905,0.7555329,0.18724038,0.3316453,0.43103924,0.4695442,0.705562,0.6753529
7,0.9028618,0.64909786,0.4932634,0.57640064,0.58719987,0.3772861,0.40943518,0.69922394,0.56598526,0.689815,0.33802998,0.2802276,0.5285286,0.7735193,0.46895579,0.5322024,0.5365082,0.4522221,0.2760595,0.7070041,0.60968906,0.44652605,0.22088905,0.5333503,0.49066517,0.4090158,0.6912824,0.10578663,0.2029985,0.5778864,0.9137501,0.8078181,0.8901226,0.5998586,0.36099517,0.34377694,0.41026,0.76888037,0.6588984,0.5068626,0.84837496,0.6485543,0.12135333,0.38980687,0.5473044,0.46559468,0.52352375,0.64637595,0.6529206,0.15911992,0.516191,0.5060588,0.4140384,0.33230308,0.17554982,0.084419146,0.7523036,0.42013538,0.44232962,0.33600482,0.57873106,0.65536726,0.6603895,0.54580516,0.5481872,0.3593122,0.7408472,0.7733211,0.26993418,0.89733154,0.72363687,0.30184516,0.4423914,0.69243765,0.34952864,0.3198432,0.3223559,0.48058334,0.656728,0.6682614,0.115474895,0.54310846,0.32292047,0.23079795,0.63602453,0.75834286,0.8078913,0.509314,0.15513065,0.32228333,0.7145659,0.5345911,0.48887756,0.18527357,0.7400831,0.47068414,0.87911236,0.56306404,0.29118004,0.7842737,0.40292704,0.7025998,0.510466,0.20407355,0.40486866,0.7270987,0.4996843,0.59465915,0.25834757,0.48875877,0.16974595,0.51683664,0.33643785,0.24878812,0.42550302,0.51400787,0.17543194,0.3198189,0.7009436,0.5765944,0.78783506,0.5659296,0.5174489,0.796242,0.56536007,0.76563215,0.3692213,0.5150046,0.584202,0.6042926,0.7331694,0.604113,0.46329978,0.76339537,0.5039072,0.09609878,0.8811683,0.46668282,0.37074545,0.5542685,0.347031,0.4341027,0.15822096,0.29317486,0.55862015,0.8000393,0.5924208,0.6338649,0.49850306,0.5759646,0.63160884,0.48932055,0.7338705,0.50490284,0.9471982,0.47034988,0.6579423,0.23972455,0.2576263,0.34760877,0.46397734,0.3426911,0.6175633,0.39749846,0.6242801,0.41251856,0.62857467,0.500266,0.55220246,0.7610091,0.42201754,0.72713584,0.21273251,0.16168004,0.49964684,0.7442647,0.61640537,0.19616343,0.86978585,0.47875735,0.6752688,0.7886763,0.4890209,0.31348655,0.22895932,0.5939992,0.6761464,0.7660697,0.8076269,0.67383105,0.32499307,0.26864183,0.14003356,0.89260185,0.5583008,0.9043458,0.46778202,0.3017862,0.7780705,0.5651912,0.23499113,0.33829346,0.37030348,0.30035737,0.19081362,0.34291384,0.869607,0.63851625,0.16180925,0.49572366,0.8258123,0.28135425,0.4065173,0.21737464,0.6521354,0.48537624,0.58873934,0.2938006,0.55869406,0.37057665,0.5941951,0.63308,0.57613003,0.9114249,0.45145702,0.57923037,0.42618924,0.5103014,0.35434932,0.24496485,0.60346407,0.43844897,0.61810446,0.61225945,0.6495033,0.68833333,0.3412393,0.5187324,0.5886752,0.5707735,0.37732452,0.45785376,0.5573282,0.8502892,0.34512267,0.68585855,0.41281405,0.27382746,0.3272714,0.3593375,0.67056686,0.6119812,0.588578,0.43893546,0.23499908,0.2840936,0.30978483,0.30051842,0.60788083,0.75490713,0.57649916,0.30811423,0.36959347,0.73782873,0.69567984,0.23233192,0.6440253,0.44123137,0.58206904,0.4244015,0.86449647,0.5699821,0.49780053,0.4729662,0.58123887,0.5272144,0.6200336,0.61178935,0.60601974,0.77877074,0.6656541,0.648407,0.67262596,0.2558248,0.7041838,0.8173697,0.636381,0.23006035,0.72510475,0.6494171,0.26051447,0.48988348,0.15044092,0.24680364,0.5347084,0.19508378,0.74285454,0.72263443,0.35780734,0.27391455,0.66225404,0.476329,0.31603146,0.3927444,0.8904592,0.4762945,0.8015093,0.575905,0.48356238,0.51029694,0.8222872,0.54433703,0.43471602,0.16308498,0.41469303,0.54529756,0.42211768,0.1273648,0.1867302,0.3087763,0.724258,0.20327878,0.48226604,0.4345181,0.7019407,0.48012638,0.5859943,0.6941023,0.5026341,0.85814327,0.5730165,0.5632798,0.46667796,0.34848928,0.39464638,0.42804322,0.6848012,0.35310587,0.37146482,0.44314644,0.3131777,0.39527756,0.24396819,0.41224432,0.3271472,0.24922137,0.46855125,0.22817606,0.6505391,0.3950595,0.336999,0.92297757,0.3778128,0.6814375,0.56403,0.32409313,0.71219546,0.8043411,0.805461,0.67425525,0.6416194,0.39090607,0.60773426,0.46562412,0.38708752,0.78366125,0.56598514,0.6227173,0.4940431,0.5320612,0.6699158,0.75630224,0.57957447,0.5799386,0.5335683,0.47115195,0.26184362,0.34290776,0.28576022,0.3142238,0.2921242,0.22869411,0.5574295,0.766399,0.4704749,0.37382382,0.31412637,0.16257183,0.5608382,0.16920951,0.5132284,0.5116297,0.420226,0.6054521,0.5055953,0.29664224,0.8659033,0.74090564,0.27900976,0.4594278,0.09812089,0.9253209,0.50008136,0.8143696,0.3582519,0.43062752,0.67404354,0.14570925,0.17358124,0.19587001,0.21882066,0.93076646,0.7693664,0.11423886,0.2670423,0.62179047,0.51882136,0.6368696,0.66542125,0.24575843,0.16804361,0.41918036,0.37835544,0.5757665,0.8603687,0.60568047,0.21996431,0.51402164,0.2543394,0.75189257,0.5069146,0.23793009,0.4158613,0.36873087,0.4246688,0.8605141,0.48291138,0.39113462,0.50306034,0.25046209,0.66530883,0.44082186,0.16000573,0.6899294,0.7760293,0.7058761,0.58880913,0.31387448,0.59525067,0.6531044,0.76195437,0.28150654,0.5344211,0.15168466,0.3004323,0.35690767,0.10088258,0.865547,0.14662436,0.55468965,0.6053171,0.68010986,0.65141255,0.3208421,0.74144185,0.53990704,0.54693437,0.49190387,0.316573,0.3256126,0.41624272,0.38913083,0.698146,0.790248,0.27505767,0.5417998,0.56814265,0.6690751,0.104817174,0.69181895,0.3495121,0.2765749,0.59731764,0.85298055,0.46921882,0.5420162,0.30925423,0.3345518,0.55851096,0.59298337,0.55829763,0.7480138,0.55598474,0.90760106,0.6878152,0.13092776,0.24389027,0.2935913,0.8127058,0.6490756,0.33961287,0.8083804,0.20758995,0.8755358,0.70676786,0.54361606,0.33488584,0.65817285,0.7196157,0.76887447,0.56208676,0.808956,0.47162956,0.3872011,0.35017624,0.71369123,0.3280247,0.48711362,0.5917787,0.20288393,0.59887934,0.63650334,0.3433258,0.22318114,0.62579703,0.3871532,0.6053883,0.4179164,0.22106592,0.51724696,0.39510557,0.6679773,0.34468147,0.6129282,0.36545375,0.7591436,0.5762355,0.48075926,0.80013674,0.11020948,0.54344386,0.28945524,0.5596128,0.5853551,0.6853317,0.80957735,0.66245157,0.6700449,0.16018449,0.5948072,0.49655303,0.5517268,0.5716787,0.6135416,0.40915808,0.46992812,0.58874273,0.46350324,0.50829524,0.46898568,0.2619305,0.6402944,0.32844093,0.8400476,0.6061898,0.48172793,0.87212515,0.31628978,0.5112083,0.4331661,0.35897297,0.13865195,0.61199015,0.46175474,0.5414935,0.9296433,0.634542,0.60752755,0.47063312,0.121780835,0.6303441,0.6788331,0.43672988,0.5791546,0.70203346,0.24199535,0.24409166,0.27238482,0.48558953,0.5884708,0.5824397,0.61880213,0.4915476,0.53191864,0.6153049,0.5248416,0.6892002,0.79092765,0.5685694,0.0996866,0.71167755,0.6646257,0.5726636,0.31951603,0.48564374,0.6893717,0.40667093,0.5638985,0.22647037,0.37754425,0.35354805,0.5276741,0.5946964,0.49159312,0.38420495,0.20847426,0.51045907,0.42937323,0.8210763,0.7135044,0.68680096,0.7832762,0.67193747,0.28330064,0.4122654,0.6209476,0.120531075,0.21080366,0.22607547,0.4616281,0.69855887,0.91249365,0.2719051,0.40932634,0.31356117,0.153167,0.48572642,0.40572214,0.33298954,0.9086785,0.6462148,0.26251888,0.3733633,0.10920514,0.6299126,0.53204393,0.707595,0.45794585,0.77773,0.20403127,0.66889787,0.6575423,0.56083953,0.3325684,0.21370108,0.5559646,0.49342293,0.47281805,0.58262527,0.38551807,0.6867554,0.699881,0.116994284,0.34582505,0.5652516,0.4601292,0.77424794,0.4459293,0.39588916,0.27071056,0.26498744,0.44249254,0.61639345,0.80469024,0.88360155,0.41867533,0.49774843,0.26744682,0.2340375,0.43461427,0.4025638,0.7500239,0.5310092,0.84581953,0.14989385,0.58007514,0.38501266,0.68160135,0.47954327,0.7697362,0.37463078,0.6998204,0.1935689,0.6899198,0.546017,0.78012073,0.08322938,0.6053895,0.52585196,0.5224121,0.80867755,0.21584393,0.609373,0.926292,0.3951083,0.44891554,0.5611593,0.53427416,0.75405055,0.41273132,0.38314408,0.40068436,0.57164514,0.18919124,0.6285986,0.11898438,0.7565051,0.16877262,0.50274295,0.41129038,0.4557143,0.14062737,0.28165606,0.39000028,0.48901293,0.57545036,0.7691473,0.6818069,0.64918673,0.6566707,0.9319672,0.6369241,0.088850066,0.123158336,0.945689,0.5351718,0.6397284,0.34812358,0.22614226,0.36798066,0.2958944,0.3400312,0.4274193,0.33989617,0.9082239,0.49343556,0.7153272,0.20759948,0.7579441,0.30826604,0.22587366,0.6192086,0.63264126,0.33587906,0.65274036,0.4303069,0.32535073,0.8057123,0.7877125,0.7654446,0.58921486,0.33615214,0.4379586,0.83113325,0.1184217,0.8636346,0.8431422,0.44981274,0.4000866,0.7765343,0.18685222,0.6007299,0.23603211,0.6075057,0.19736184,0.8043693,0.34419066,0.18745026,0.5274529,0.79684144,0.5600174,0.3447518,0.09872687,0.3954614
8,0.38464957,0.6633342,0.17036337,0.5992017,0.8201546,0.41211,0.34960717,0.7224178,0.18574455,0.60325575,0.36404744,0.29242924,0.63108444,0.50518954,0.31124085,0.7167819,0.5289821,0.8643141,0.57763964,0.72306097,0.17266312,0.6948889,0.30381328,0.8416834,0.83209246,0.676326,0.13367787,0.246958,0.49178863,0.2915578,0.561308,0.6219217,0.7706013,0.60497993,0.69557714,0.6616596,0.49426103,0.7234918,0.30275917,0.23296364,0.3524998,0.27555686,0.5480764,0.29513362,0.7761673,0.42060548,0.5085875,0.32909492,0.3841241,0.5813636,0.54735893,0.23826101,0.80563754,0.42178273,0.10404625,0.7617942,0.6713744,0.32781318,0.2048205,0.36707598,0.4832557,0.37860104,0.448033,0.27300826,0.40445155,0.7299621,0.54658365,0.6520846,0.41006458,0.5250196,0.48307607,0.5232142,0.7553486,0.27728993,0.9219141,0.5326684,0.7359293,0.7279894,0.35664594,0.5278795,0.7020952,0.48216292,0.6442559,0.6872382,0.41246656,0.29580215,0.5839061,0.8682452,0.20197153,0.5706342,0.34216323,0.7627964,0.54420775,0.2833592,0.3146356,0.38742176,0.39312991,0.1931331,0.8789195,0.13608794,0.7761647,0.100638315,0.7922763,0.2895154,0.28055203,0.5913211,0.5583378,0.7507663,0.594312,0.5529159,0.37486348,0.6551219,0.10261963,0.23850164,0.30248562,0.7599608,0.43380532,0.6854412,0.10539203,0.42935172,0.076566584,0.64632255,0.52167183,0.6169408,0.2519464,0.3387584,0.8397792,0.45022634,0.1515643,0.20325753,0.54344046,0.38432688,0.51065236,0.37569377,0.89081717,0.37488383,0.74671745,0.74882734,0.63505214,0.9147233,0.8672875,0.7402981,0.52123016,0.5354898,0.601766,0.8097609,0.5120339,0.5791931,0.3972793,0.42589775,0.16186011,0.6055452,0.075988434,0.7428344,0.8637309,0.10126396,0.68677825,0.55509853,0.26259673,0.5354651,0.23639217,0.09843108,0.526574,0.75121486,0.23110524,0.6545881,0.6327135,0.21483354,0.5831996,0.11646562,0.114401326,0.5937743,0.30768347,0.72785056,0.54896367,0.8397274,0.63940513,0.6232697,0.76747906,0.51459605,0.411926,0.6650125,0.7229396,0.21527113,0.16763107,0.42215288,0.53034127,0.49808487,0.30079418,0.27241492,0.42416742,0.12738085,0.7242946,0.60056996,0.4233252,0.73638517,0.7075288,0.33663386,0.7199376,0.5053754,0.39185894,0.3028962,0.52770656,0.8308366,0.18840426,0.072811104,0.70832646,0.7425191,0.65051347,0.507926,0.49464592,0.74262524,0.42906067,0.37558904,0.36348218,0.114999525,0.64076704,0.3208428,0.6562919,0.69407135,0.26174417,0.5515647,0.26502156,0.60160285,0.33367,0.44182873,0.3089243,0.6200882,0.58585423,0.5988172,0.43780023,0.779683,0.18497816,0.56725526,0.37490824,0.641616,0.54900545,0.755101,0.42112,0.17345051,0.21531153,0.5568443,0.41732478,0.28756866,0.52029747,0.7590193,0.8082867,0.47571716,0.60541314,0.28440005,0.24525417,0.76258564,0.21388781,0.11815435,0.4621042,0.9185533,0.57929033,0.559567,0.6113641,0.65410423,0.40311173,0.24616557,0.454606,0.43705782,0.5873696,0.42355618,0.44463912,0.74396515,0.64715976,0.3475427,0.7109128,0.38717046,0.5881071,0.8917664,0.46659306,0.41864562,0.28258333,0.6600402,0.24671581,0.5587153,0.7915421,0.7374198,0.38653773,0.8196873,0.3654578,0.6348851,0.83571494,0.5462106,0.23794143,0.19729894,0.66747475,0.77087516,0.585491,0.20201276,0.090612404,0.41360828,0.2245911,0.4911033,0.56452763,0.41913626,0.6607546,0.37633136,0.2457169,0.4868602,0.19440183,0.86517954,0.39653915,0.6021084,0.29402003,0.2136032,0.44673827,0.6844583,0.3118118,0.476799,0.30862638,0.23405798,0.29336596,0.5302236,0.71593106,0.5046285,0.54825723,0.7275388,0.65849864,0.28982657,0.21426947,0.23423858,0.81320584,0.800657,0.58422214,0.76513666,0.42261997,0.18208998,0.3201029,0.7999963,0.71255636,0.8505739,0.42353538,0.23556851,0.5329601,0.7365878,0.5646793,0.34647113,0.36591485,0.5125898,0.17566635,0.6591357,0.14795534,0.22509456,0.5157631,0.8703755,0.8895688,0.5699183,0.61437935,0.26226842,0.5814985,0.3118639,0.4908549,0.4033173,0.83347356,0.7308332,0.4486994,0.47201282,0.38596418,0.38858312,0.2023702,0.20342931,0.24035807,0.654083,0.29106677,0.19791809,0.44988215,0.71898216,0.30490345,0.354497,0.46487933,0.3275788,0.80256605,0.8026979,0.7822409,0.61910284,0.5296845,0.36115178,0.6802263,0.67707145,0.44522026,0.5350687,0.6134723,0.63459307,0.45543322,0.79217553,0.42592564,0.76808536,0.5563925,0.8067094,0.7611463,0.43208256,0.8075845,0.71793306,0.564144,0.12703726,0.7992787,0.71711695,0.33678216,0.41613093,0.36240014,0.48113987,0.5276067,0.73108685,0.6601034,0.64285684,0.28167275,0.54954135,0.5200476,0.7023966,0.5070013,0.40431002,0.5536712,0.12155957,0.59552574,0.15420906,0.5496216,0.1665863,0.7604046,0.4679913,0.5529162,0.44728857,0.5706331,0.28414783,0.36167195,0.9670802,0.20736969,0.6045235,0.48867399,0.29190165,0.88515085,0.86251235,0.79793084,0.40558597,0.46923375,0.7702047,0.40473992,0.5646055,0.37248883,0.3874704,0.46240443,0.4959143,0.32501322,0.12138967,0.19304664,0.6878887,0.66591096,0.36649308,0.58338577,0.2788691,0.88778937,0.46073338,0.7269146,0.35579613,0.5743008,0.5752216,0.45578262,0.7435246,0.49478006,0.71354467,0.31195349,0.4261088,0.45320848,0.4398432,0.60482025,0.3684305,0.47889164,0.5105746,0.47745937,0.47255898,0.69534457,0.5749059,0.12558764,0.34866327,0.23218736,0.54856145,0.15138178,0.5679787,0.4075047,0.70971954,0.48045886,0.70330644,0.6709873,0.87084943,0.5855802,0.6719663,0.55398756,0.09802743,0.38577026,0.42416123,0.7600224,0.41184616,0.54149127,0.5618126,0.41729543,0.26986814,0.9445307,0.77437365,0.238519,0.65765274,0.9605581,0.39543703,0.87987494,0.18868156,0.42204458,0.17858563,0.46673274,0.49867803,0.35743323,0.18775979,0.42828825,0.82746387,0.75542384,0.4742945,0.80800986,0.3570727,0.809994,0.4821292,0.12261339,0.20768224,0.3571767,0.8330369,0.49563742,0.4033661,0.5044987,0.87672,0.18049844,0.7667842,0.6360453,0.8198333,0.49054518,0.14831409,0.64121616,0.45984715,0.3383463,0.48970765,0.65790755,0.7265404,0.54516625,0.66029835,0.84697086,0.79447573,0.56877565,0.16030957,0.66065836,0.74854684,0.42413646,0.26101664,0.38162628,0.36629698,0.72034305,0.60476404,0.09828871,0.66007113,0.61025625,0.70101935,0.06398528,0.2432814,0.3191495,0.39803952,0.739925,0.27130276,0.28192165,0.36927393,0.18763125,0.8745893,0.2306149,0.43029493,0.47737646,0.44209716,0.8017966,0.4991863,0.51890224,0.33844194,0.8876943,0.7554552,0.42991614,0.5719449,0.50666666,0.2334164,0.82930684,0.42007548,0.6558765,0.5658464,0.2255135,0.1789782,0.12807779,0.61905944,0.89270204,0.9723521,0.47561726,0.8174968,0.57387,0.33006096,0.8999854,0.18628746,0.4057213,0.27749985,0.14864078,0.4562518,0.46204534,0.76201344,0.46006852,0.36161476,0.8123047,0.44552758,0.878336,0.40805724,0.63552016,0.21657956,0.25358492,0.6666091,0.58678114,0.75818527,0.9171127,0.37525547,0.7971769,0.6771595,0.52665675,0.68557054,0.22931468,0.7710669,0.3450196,0.26301336,0.09699749,0.47318918,0.47605067,0.33935988,0.27018687,0.52872705,0.13605087,0.2359889,0.31850994,0.18926063,0.49373284,0.3574999,0.8189004,0.63215,0.17366935,0.2303009,0.27752724,0.44993335,0.48142537,0.885303,0.7821641,0.6428439,0.5416387,0.7266017,0.519535,0.8134287,0.8718324,0.4270007,0.1278769,0.4408861,0.25204986,0.22021233,0.6746288,0.2815134,0.17409618,0.61242694,0.71198183,0.4154597,0.5513296,0.18402956,0.64330804,0.24975374,0.49626604,0.45982924,0.41146517,0.5839157,0.5784904,0.5297444,0.23039915,0.16230263,0.42886922,0.4677547,0.2965952,0.6568346,0.87351453,0.836068,0.30111173,0.7243647,0.37709698,0.36505613,0.39655092,0.39716125,0.45031604,0.5317059,0.37356386,0.31041017,0.57997006,0.310557,0.32619524,0.84076995,0.53817713,0.8655269,0.7013323,0.4397436,0.4003028,0.85131174,0.66951597,0.55384785,0.84561753,0.39765197,0.6965232,0.2883735,0.5400749,0.400796,0.40323713,0.45042545,0.7492794,0.4777747,0.38396537,0.3442775,0.31623876,0.5768389,0.63726145,0.24274284,0.36726633,0.3310732,0.48658526,0.37542415,0.5583522,0.5860397,0.29847264,0.8087585,0.67788005,0.6228241,0.7168498,0.46749547,0.4395013,0.32564324,0.07038675,0.7368629,0.49663594,0.41351694,0.6081056,0.91001666,0.4690175,0.73295534,0.5731213,0.6171295,0.4469826,0.2407427,0.24925375,0.601798,0.84056646,0.6781997,0.5858257,0.6384236,0.24185246,0.45743352,0.2643181,0.77814466,0.81083417,0.5046593,0.08977011,0.06810263,0.60282886,0.7684581,0.21113764,0.451895,0.43654215,0.64264864,0.18537095,0.34219435,0.257886,0.28260148,0.5941971,0.2529441,0.62540764,0.8933686,0.78241986,0.22880076,0.53575593,0.53803045,0.3629126,0.6345122,0.2600184,0.62185174
9,0.50960356,0.1664909,0.51693755,0.9738399,0.702265,0.8774083,0.1743663,0.5856543,0.14688666,0.46908477,0.84198546,0.2004191,0.5927688,0.57191706,0.056144636,0.70390177,0.18169081,0.5263028,0.46432033,0.4840717,0.7277518,0.45451918,0.872998,0.7372625,0.19512215,0.6830692,0.45911455,0.39661285,0.8310561,0.22271934,0.0936812,0.15321381,0.85232913,0.95135146,0.34084392,0.733102,0.7024914,0.574969,0.11516116,0.29520375,0.6997748,0.59089833,0.8351254,0.1970944,0.4313703,0.4824717,0.19678095,0.10704605,0.3907275,0.3272666,0.55781007,0.29918927,0.60746366,0.6547926,0.5529247,0.6995812,0.55482376,0.3491735,0.20644695,0.42299983,0.8523895,0.9070249,0.44533232,0.47723085,0.23090264,0.53087544,0.60929316,0.16999723,0.20987412,0.53557676,0.6013266,0.79200786,0.36939254,0.8072605,0.43802857,0.21887946,0.6101777,0.30282316,0.46606618,0.5892344,0.8397949,0.84892076,0.5093645,0.22640924,0.517138,0.29842448,0.38923532,0.3303654,0.48487583,0.76888186,0.20784798,0.21141964,0.7437041,0.34828198,0.5192505,0.961033,0.74680924,0.35840452,0.22710162,0.07416056,0.6716644,0.5453013,0.2118891,0.69266534,0.51783967,0.5573899,0.69840187,0.30657205,0.7165444,0.83933157,0.5894066,0.9290215,0.294352,0.1251931,0.74970406,0.19417281,0.36088118,0.51084644,0.27022997,0.5716708,0.19339405,0.8261258,0.8899994,0.5890822,0.18032904,0.72924995,0.6946586,0.07883008,0.26785603,0.44458002,0.18081509,0.6891177,0.7884528,0.14791949,0.8268028,0.113577046,0.8688983,0.9755372,0.17967694,0.9186898,0.31858602,0.5306547,0.72536916,0.5182068,0.23575823,0.513703,0.61979777,0.59815335,0.11086753,0.5706875,0.44679832,0.40787163,0.5165092,0.80884343,0.4706754,0.7987535,0.41877782,0.8150991,0.47192338,0.5543688,0.2955797,0.6491691,0.5864161,0.5538332,0.5359744,0.45823163,0.18716843,0.67460316,0.2751815,0.08569845,0.25493035,0.90168893,0.71901333,0.583046,0.3784438,0.59233326,0.8538027,0.5186378,0.47100857,0.74292904,0.5212932,0.531121,0.58770376,0.42352217,0.71564114,0.68109417,0.25839072,0.24429984,0.77587193,0.36792165,0.39747342,0.11599142,0.8609906,0.3808861,0.6581701,0.5359659,0.71885437,0.8411227,0.956788,0.91082144,0.5187693,0.059461463,0.7067692,0.5484336,0.6412531,0.037222125,0.44157198,0.43139702,0.28493434,0.24304089,0.29044843,0.53285336,0.5008022,0.80789447,0.35525975,0.73132545,0.48099834,0.6535396,0.66902983,0.50137633,0.07381427,0.57557124,0.25941,0.44887605,0.8432377,0.7270433,0.8557054,0.30148417,0.810821,0.84814286,0.17787643,0.6815467,0.19520779,0.2671656,0.6081514,0.39895272,0.670503,0.41714504,0.75927866,0.4809043,0.90251637,0.08379115,0.4899889,0.43334547,0.120546095,0.744862,0.55859953,0.16606683,0.5444232,0.85834306,0.32935208,0.5929119,0.5733116,0.29508105,0.22739752,0.37348357,0.40663534,0.6826484,0.7440115,0.54323375,0.2682474,0.27622715,0.54644835,0.18585135,0.6751684,0.8903987,0.7946384,0.5872591,0.14889842,0.71614033,0.6673649,0.04271213,0.5169726,0.23103604,0.28619617,0.67865497,0.8007249,0.40494895,0.6101019,0.71614176,0.49707147,0.45652655,0.7084285,0.60451674,0.17562991,0.43397507,0.42731103,0.44773525,0.3150543,0.339842,0.87940574,0.8097025,0.6606624,0.8003221,0.8117599,0.13519962,0.5223213,0.35950735,0.6064583,0.40848002,0.5517579,0.29027385,0.69272965,0.34948114,0.3863203,0.68025076,0.31840685,0.8052758,0.85295105,0.4486696,0.5992873,0.6740304,0.14388059,0.56376946,0.7627833,0.3298233,0.822316,0.5573453,0.20666988,0.6416538,0.49776497,0.18097329,0.82099915,0.450273,0.7926942,0.29437527,0.8170823,0.17550643,0.6988418,0.5654678,0.7756385,0.049974877,0.68447757,0.51251715,0.8178319,0.9343072,0.608817,0.2680119,0.7448667,0.5346275,0.04532359,0.30945018,0.43025094,0.5247661,0.6951907,0.20653583,0.23702128,0.5320088,0.67429787,0.107748516,0.85856056,0.8091352,0.71238613,0.508697,0.69918007,0.14601809,0.5927647,0.53825814,0.5059735,0.5551739,0.6756792,0.5823429,0.6694421,0.82694304,0.48216054,0.4068422,0.5757226,0.41790304,0.7516562,0.43807843,0.58472085,0.42691487,0.39344046,0.48752236,0.58957934,0.416179,0.15945067,0.3246117,0.9299907,0.31094325,0.70260566,0.20070767,0.9518474,0.6476647,0.06263778,0.61298996,0.12795025,0.56848776,0.50861377,0.821784,0.7883431,0.11346833,0.3673826,0.35344586,0.33456624,0.6278751,0.63132656,0.78354883,0.6315884,0.7977501,0.88942677,0.44297984,0.2112713,0.39025575,0.5912712,0.39508644,0.41650835,0.18177113,0.9302186,0.519144,0.36854333,0.20169859,0.26040092,0.7289751,0.64652795,0.0688493,0.6061559,0.19590613,0.35788497,0.18302782,0.731604,0.47707158,0.29331687,0.24130802,0.7659525,0.81103176,0.28214896,0.72052693,0.416876,0.46202877,0.38968822,0.6845248,0.59375805,0.12098296,0.17901929,0.3114239,0.24372664,0.7967326,0.32528755,0.5884023,0.33375725,0.782561,0.6454297,0.68922186,0.673091,0.47807375,0.5243218,0.76574975,0.15844186,0.104370676,0.51456934,0.47224563,0.49580264,0.3353181,0.58458674,0.494287,0.76255846,0.45075333,0.5439315,0.53717023,0.7853982,0.70336396,0.23906873,0.55000913,0.23407684,0.46613678,0.7297606,0.8680138,0.25640836,0.5427439,0.26736492,0.852996,0.33647826,0.59879726,0.90166676,0.66565627,0.3021424,0.33494213,0.27563217,0.52581275,0.733111,0.83858037,0.43473715,0.8366492,0.49061087,0.3478344,0.7726467,0.19874857,0.43092793,0.6855923,0.24887002,0.1427366,0.41580805,0.35413808,0.8985048,0.10986795,0.19720748,0.193197,0.74226964,0.29852045,0.91033334,0.6256868,0.21118847,0.67065287,0.24479264,0.40937102,0.33476228,0.41287363,0.39748222,0.58226436,0.3150169,0.34455457,0.49456507,0.91167676,0.6446155,0.53263867,0.5469136,0.2871589,0.7601019,0.71922815,0.7705467,0.24918051,0.356067,0.631956,0.41669154,0.7462825,0.1348375,0.4438027,0.906881,0.7126373,0.5532471,0.6203193,0.41194236,0.5318458,0.7070998,0.36578214,0.7630355,0.5971029,0.2607607,0.7911017,0.24787518,0.7248158,0.42580694,0.10535951,0.49190813,0.79897237,0.6149738,0.4939283,0.34436497,0.48706084,0.21158294,0.41591847,0.17314737,0.17339376,0.7586023,0.5504002,0.7647746,0.5911798,0.16050206,0.37019277,0.5718332,0.23420103,0.80946565,0.70041835,0.3107876,0.30902183,0.4559715,0.5270975,0.2581499,0.26822186,0.32924,0.2589441,0.3171142,0.08503426,0.61259997,0.56849194,0.8686458,0.6884735,0.68254554,0.5438833,0.41396326,0.88662994,0.49484444,0.75065905,0.30109635,0.5285885,0.46252578,0.3739576,0.44893974,0.7434223,0.7621873,0.21632147,0.6345033,0.43788978,0.16454002,0.39123964,0.5351513,0.67748374,0.2041909,0.55394375,0.7685899,0.5103485,0.104834884,0.8753197,0.65233845,0.68858933,0.720361,0.3886853,0.499132,0.7068927,0.61108804,0.36136654,0.70387626,0.43149367,0.37838998,0.5548943,0.4967644,0.26263723,0.87565356,0.18188569,0.3987216,0.7905337,0.06995275,0.18808033,0.05267516,0.88524705,0.15899466,0.4848588,0.42504418,0.45699528,0.9162233,0.8030117,0.8366457,0.3603832,0.18153578,0.16259807,0.3447023,0.27853325,0.64759976,0.7782401,0.55588484,0.8308345,0.35109514,0.759363,0.6652965,0.20608114,0.5425717,0.7986007,0.35082582,0.57144487,0.6562857,0.641228,0.21399991,0.40723532,0.6637945,0.44735426,0.23321387,0.3655152,0.79880655,0.291607,0.4355105,0.20318913,0.34105983,0.35584933,0.7007519,0.11717546,0.77882653,0.64202875,0.4822473,0.42961475,0.33787212,0.25773194,0.54389966,0.54809016,0.0784723,0.8524706,0.1220623,0.29808986,0.71216315,0.2611029,0.7837313,0.5649788,0.9348192,0.853836,0.29445305,0.7414219,0.5707486,0.16873398,0.60833377,0.49119538,0.5729702,0.85620034,0.92753154,0.058404997,0.21563454,0.12263112,0.20322078,0.8639544,0.6811458,0.9749102,0.70369923,0.29649654,0.40233177,0.34164634,0.80721426,0.9064354,0.6669516,0.6607225,0.8068576,0.7653687,0.6943849,0.3756913,0.2784388,0.22801396,0.8390286,0.2570641,0.4515451,0.13937564,0.38149452,0.49519703,0.2325474,0.3422208,0.28220746,0.4685121,0.14722684,0.38656092,0.38199198,0.489711,0.5529317,0.38830346,0.3194241,0.5096015,0.9173375,0.5940042,0.56079024,0.3465884,0.57072645,0.6224755,0.42013904,0.4072786,0.6600562,0.41860077,0.86550367,0.9277931,0.53943634,0.48297337,0.35798755,0.6021012,0.21198368,0.31218132,0.24495447,0.71745896,0.17853107,0.7891153,0.5937137,0.13670814,0.7806229,0.6186401,0.77687055,0.35104966,0.5619221,0.41243005,0.72378135,0.65679324,0.6156152,0.7949763,0.11801093,0.6417853,0.3102106,0.086669214,0.8527924,0.54903734,0.33254376,0.45577672,0.52510625,0.63016135,0.1921197,0.46749026,0.39620408,0.75679576,0.21496968,0.27267835,0.3868926,0.39242592
10,0.44683173,0.44276235,0.49532348,0.6736801,0.6634197,0.7959313,0.6414436,0.6377137,0.19510284,0.89063287,0.67742014,0.5005529,0.35864577,0.75826716,0.3880846,0.7238784,0.7755956,0.52964175,0.392037,0.4200419,0.14674634,0.6891837,0.7461,0.60772645,0.22334462,0.47490016,0.18147792,0.15390623,0.44455895,0.71090347,0.73783904,0.6777154,0.5969821,0.5951788,0.47399643,0.41079226,0.5555712,0.7416301,0.3098408,0.38223788,0.34911263,0.29987478,0.60536885,0.6257512,0.4985526,0.6937052,0.4313019,0.70122826,0.736568,0.5277601,0.35937625,0.49196833,0.8434313,0.29633367,0.5581919,0.49579984,0.43718255,0.45165712,0.706198,0.35757756,0.5912755,0.6459574,0.49289936,0.5723699,0.8438323,0.24718577,0.59069395,0.20898196,0.4066316,0.3940326,0.18536213,0.60340667,0.7480139,0.31211507,0.6869429,0.27098516,0.501857,0.50861067,0.58037305,0.5981349,0.515651,0.45623475,0.4621792,0.65626645,0.47138387,0.18929277,0.52240616,0.61869264,0.18614466,0.3098224,0.586816,0.5305693,0.26558545,0.64651334,0.32419774,0.6141486,0.7367553,0.24666752,0.6420089,0.6791266,0.75881356,0.20714001,0.92498946,0.32616258,0.52638316,0.5844537,0.72928596,0.84450626,0.37631202,0.47006273,0.6294473,0.30697045,0.52233624,0.32670635,0.24102527,0.6331283,0.3809301,0.64658266,0.8325114,0.7579682,0.71204925,0.67965794,0.54155713,0.22348768,0.3014993,0.2684668,0.6906872,0.71182865,0.5280988,0.36970273,0.831003,0.1775366,0.6481508,0.63809174,0.268522,0.55767787,0.60822767,0.38737205,0.49780858,0.6077068,0.5099467,0.43516818,0.33055842,0.8059455,0.61300206,0.15599766,0.5300201,0.489836,0.3976691,0.55928344,0.38624105,0.61222196,0.68175054,0.6797408,0.80885917,0.42075047,0.8102193,0.33966783,0.7568212,0.80982393,0.5202986,0.5325783,0.47918528,0.40206906,0.533348,0.4059875,0.66806734,0.29818612,0.50208527,0.33008897,0.07970753,0.36665425,0.5478594,0.70209676,0.2894327,0.72166103,0.5212392,0.90380955,0.7173565,0.43111622,0.28427908,0.44835004,0.630222,0.8670153,0.40748867,0.8775315,0.8198286,0.57777786,0.52718174,0.22044598,0.28558472,0.67070305,0.18984066,0.54456043,0.43619585,0.66566515,0.31638935,0.28784564,0.66799164,0.715241,0.5995554,0.5668396,0.25574836,0.4809969,0.4542967,0.49667257,0.45168194,0.5125231,0.62378913,0.5192414,0.7960883,0.7177025,0.6155887,0.49402058,0.43315804,0.26110357,0.69822866,0.35607964,0.5883276,0.61666256,0.70616025,0.4690892,0.1966272,0.32961118,0.5585049,0.7513001,0.36781332,0.17527829,0.5377854,0.5566795,0.33671862,0.4391707,0.5674177,0.3131419,0.48666865,0.21927887,0.35825253,0.19293897,0.78709185,0.42977658,0.7344487,0.44119895,0.94004285,0.58432174,0.22206095,0.29268232,0.29837924,0.6146775,0.4129759,0.70157284,0.6493073,0.6521258,0.48552918,0.5928629,0.3902932,0.54207873,0.30040574,0.68081266,0.51537,0.8296311,0.5281579,0.4416264,0.67159367,0.6412275,0.22348645,0.48659316,0.40247557,0.2257745,0.12176306,0.45646843,0.81023157,0.74247813,0.5874562,0.6290007,0.38478842,0.6375931,0.6879268,0.54883033,0.84518373,0.72470325,0.7599417,0.78420734,0.42414996,0.50476545,0.24717572,0.6655249,0.5626216,0.38991934,0.34812132,0.6344839,0.6385166,0.26902208,0.22459799,0.57681555,0.68382615,0.5851072,0.5011181,0.69497997,0.5183818,0.3849181,0.5792237,0.21524404,0.36729738,0.72913325,0.4341687,0.5061652,0.66629714,0.5587486,0.6772877,0.5915969,0.27729857,0.6363958,0.33390573,0.5891512,0.49501184,0.39716873,0.592854,0.33033672,0.6482005,0.76480323,0.6888713,0.38012952,0.4113647,0.45280278,0.41124755,0.7892311,0.39580017,0.60051423,0.6823739,0.2636127,0.62828445,0.39905402,0.4822599,0.40879017,0.6362612,0.913167,0.8084825,0.24280354,0.5332262,0.7043683,0.42970574,0.41459236,0.7728715,0.5124734,0.3613435,0.4395219,0.23641708,0.35618153,0.23696165,0.34564027,0.759709,0.33821827,0.595121,0.24879992,0.59767944,0.6089253,0.57799566,0.5702014,0.6432587,0.6997556,0.42113516,0.4670738,0.344893,0.64205825,0.73751026,0.38606846,0.85374,0.5921443,0.1133761,0.32141188,0.4316452,0.30011114,0.5008297,0.7134016,0.30526963,0.68422383,0.36905244,0.2736437,0.5756342,0.67905754,0.32972458,0.20897324,0.6274731,0.6428726,0.6430554,0.42091843,0.64946616,0.6739372,0.7937343,0.46955714,0.6572217,0.30195418,0.4993929,0.26295227,0.42182276,0.1584036,0.92387027,0.85391474,0.64862067,0.68763435,0.39255807,0.716887,0.4559243,0.42249125,0.79891616,0.50099856,0.5003058,0.802675,0.31910753,0.2724819,0.5312311,0.36114076,0.2317016,0.3830082,0.6977609,0.72562885,0.55886984,0.58803207,0.2169168,0.3971362,0.704134,0.3259077,0.6116227,0.102318525,0.56408525,0.67049605,0.54489744,0.8101502,0.920929,0.8252469,0.60521966,0.33701196,0.35149723,0.14786735,0.78310287,0.49991038,0.7642604,0.28424856,0.25504565,0.45490143,0.3271811,0.60650676,0.55320036,0.4555878,0.63027763,0.42723453,0.8554111,0.47957,0.48543635,0.5256861,0.2059457,0.82599443,0.2512958,0.5882809,0.6012116,0.62000453,0.58572555,0.55201215,0.32733154,0.21985936,0.35989758,0.6227135,0.6910033,0.5838586,0.46330178,0.6478112,0.9066273,0.4726493,0.6521725,0.40010872,0.35351732,0.53829616,0.5409069,0.5650945,0.72766614,0.815226,0.6540789,0.76721025,0.27818492,0.52969843,0.77180314,0.9127032,0.39228505,0.35767862,0.5965096,0.2626996,0.6591936,0.52779794,0.8044138,0.26650155,0.601305,0.59160507,0.3717294,0.42792943,0.27907637,0.6680892,0.49006888,0.2465386,0.65806466,0.33824918,0.54013574,0.556875,0.45694652,0.24195288,0.38572064,0.2642201,0.43097085,0.5287324,0.6307392,0.6110666,0.65868825,0.7537,0.21357928,0.5286168,0.5424281,0.5838643,0.52457166,0.37616542,0.60512483,0.6709356,0.27138403,0.31003472,0.8284321,0.44207844,0.31824744,0.4657609,0.8152627,0.4252587,0.2756115,0.60059786,0.5033481,0.6506846,0.3531149,0.48283294,0.06804883,0.6716737,0.7847495,0.5617029,0.5632101,0.504532,0.10020699,0.73462796,0.7930369,0.3662495,0.15979339,0.500123,0.742352,0.6549207,0.33563405,0.47331044,0.4272857,0.60282046,0.74612963,0.52644485,0.16904086,0.88151556,0.46867418,0.6838449,0.7066972,0.4332138,0.6282865,0.6074996,0.55270284,0.5276125,0.4629233,0.47951475,0.36140615,0.71136826,0.26831138,0.51219875,0.100596145,0.19383986,0.7512097,0.3977647,0.3002784,0.93482935,0.8732628,0.712931,0.8392054,0.4623775,0.70214516,0.56262565,0.495762,0.746561,0.6723971,0.33181298,0.45761654,0.27999988,0.30297527,0.5171075,0.23114255,0.7205249,0.49531072,0.75080144,0.43645757,0.7013098,0.3828902,0.50910175,0.65821224,0.42912993,0.2255859,0.6935672,0.4638685,0.65948176,0.38253057,0.5816792,0.45528343,0.52268165,0.5660424,0.4567055,0.6657869,0.6639325,0.7451251,0.74052644,0.15620676,0.78306025,0.48615408,0.34239933,0.55507004,0.68987983,0.2830539,0.6143444,0.3439582,0.44976953,0.46418005,0.379166,0.42180067,0.31003162,0.50872904,0.45675978,0.19439894,0.41888705,0.7118882,0.7564621,0.8789368,0.5256814,0.5831557,0.81735045,0.3866065,0.48638928,0.8628738,0.43647197,0.8024545,0.5996669,0.49553883,0.16547981,0.13339667,0.746939,0.3827357,0.6450421,0.61745226,0.7326871,0.60256064,0.6158707,0.63102555,0.14319119,0.4025927,0.5213981,0.5867975,0.4169071,0.70983195,0.31108797,0.77158934,0.47133267,0.8765895,0.42506608,0.1973751,0.21390897,0.65095353,0.41701373,0.7318794,0.5624204,0.26115444,0.59709144,0.8478725,0.7404258,0.46508685,0.12076467,0.6606727,0.76576054,0.3577358,0.15987802,0.44380486,0.34802455,0.7556201,0.7272178,0.26164487,0.8710598,0.6949931,0.65477073,0.68241096,0.23611721,0.3289721,0.6862643,0.9034753,0.46399263,0.45542094,0.7154741,0.42901888,0.5786068,0.28331098,0.47923866,0.52514887,0.44247517,0.88355637,0.891385,0.541876,0.48790482,0.10792494,0.787989,0.40535197,0.40793106,0.500219,0.816134,0.4072974,0.77153426,0.19068995,0.40110058,0.31260094,0.32987258,0.26600504,0.5089729,0.6955099,0.6279282,0.792673,0.31624335,0.3402048,0.6565704,0.8261981,0.60350776,0.33848748,0.44154426,0.58074266,0.641084,0.7064072,0.8621779,0.4597746,0.27441406,0.79991966,0.8110672,0.40412474,0.23948544,0.52386796,0.45917705,0.39525747,0.56913716,0.32950082,0.4345731,0.32184815,0.23683439,0.5266182,0.7902313,0.3506715,0.6882212,0.55725664,0.6033005,0.5894964,0.40885505,0.72609246,0.75318855,0.47670227,0.543265,0.7210399,0.26725128,0.3326418,0.21996003,0.66613,0.40718955,0.795056,0.4872933,0.40196624,0.4995799,0.64024526,0.37874782,0.28702563,0.44897872,0.7877056,0.55612326,0.6540636,0.31736982,0.7879612,0.32699108,0.37144104,0.7215618
11,0.59652966,0.40035364,0.75888693,0.4900505,0.7530814,0.7957682,0.4428657,0.41007784,0.5562613,0.32713366,0.86779535,0.4429783,0.50179416,0.6811789,0.3801289,0.7148404,0.32841614,0.7116298,0.3995336,0.54632336,0.4896719,0.6003214,0.5253574,0.7853109,0.6312747,0.582059,0.26534805,0.2156384,0.7052097,0.6278382,0.69937325,0.37929657,0.808086,0.8089249,0.40977624,0.35088158,0.53844094,0.7288362,0.5641079,0.35781947,0.18419015,0.24940513,0.46689105,0.38748583,0.584157,0.16094844,0.6172165,0.4458197,0.6392808,0.21301517,0.49309698,0.40131328,0.67423564,0.32350898,0.58613575,0.3306355,0.5395137,0.6919281,0.7273677,0.67403543,0.42970842,0.49827978,0.54169834,0.26711652,0.5038795,0.08297624,0.6620907,0.3481279,0.545407,0.69091445,0.113585144,0.6285532,0.64365274,0.5453585,0.34466556,0.54828686,0.49095422,0.29463917,0.6189203,0.34968525,0.83729386,0.6305814,0.3873002,0.42464942,0.7217974,0.7125876,0.8401998,0.45771375,0.4486007,0.26017195,0.51421386,0.19572219,0.5203843,0.50877607,0.3321597,0.6826871,0.7769917,0.58775866,0.4384616,0.36787263,0.7472501,0.73504233,0.77762055,0.6702592,0.31798473,0.7144308,0.53614813,0.600352,0.36285043,0.40984198,0.28713846,0.45365986,0.2883183,0.48422575,0.66434306,0.43690076,0.29100978,0.36698076,0.465298,0.5386833,0.5829239,0.3780216,0.45273387,0.41568422,0.2970674,0.39964044,0.4398417,0.9211848,0.69074833,0.7831478,0.7183657,0.44492495,0.664756,0.63872284,0.6557725,0.718299,0.7534373,0.46260816,0.21397537,0.62208176,0.5391257,0.71411186,0.6213198,0.7058394,0.5534014,0.23121001,0.60960186,0.7670217,0.27103683,0.17034069,0.57922906,0.29744244,0.6282586,0.49591392,0.41980612,0.14270787,0.6242093,0.5295609,0.5236981,0.7246142,0.56470376,0.6206766,0.41138586,0.27704886,0.4112906,0.7881605,0.9012401,0.7369035,0.7811659,0.5252945,0.5900301,0.17447254,0.5235891,0.41986665,0.34600052,0.4893452,0.6999737,0.5725277,0.36330527,0.47589797,0.37885952,0.7392044,0.14162487,0.6979176,0.13545117,0.7086206,0.3187501,0.8767663,0.34480217,0.7108274,0.5389204,0.5509373,0.8816392,0.44100657,0.7171929,0.6841346,0.54130685,0.47754022,0.85602915,0.7585275,0.29936397,0.6181732,0.7340964,0.45319733,0.46646583,0.5291746,0.4882873,0.85899645,0.20466335,0.46428034,0.31227586,0.75481945,0.5734747,0.506691,0.2337232,0.45608777,0.35772657,0.6443039,0.3121821,0.865234,0.235238,0.41518274,0.5630854,0.4431083,0.3382935,0.4784347,0.7030199,0.40782055,0.80641526,0.45138055,0.18174493,0.7621799,0.30629486,0.6591993,0.089326456,0.82767755,0.7179098,0.19969185,0.35962337,0.37664387,0.765705,0.38364464,0.40298754,0.6869793,0.45463488,0.80798626,0.9046732,0.33319488,0.761677,0.4104447,0.3449295,0.6888994,0.6327214,0.35333315,0.31796393,0.35261998,0.75829977,0.8283045,0.5007394,0.54121816,0.62872374,0.5916631,0.70538574,0.34254754,0.4004808,0.5754076,0.29052654,0.17817748,0.24482147,0.26612723,0.48603114,0.8077184,0.6007818,0.58394855,0.20976429,0.1696273,0.8863476,0.46768034,0.66812056,0.5644168,0.6350558,0.7231466,0.84592247,0.37096736,0.26341003,0.256626,0.5580373,0.27324286,0.15101242,0.30501455,0.7336808,0.56248456,0.47386444,0.7174996,0.7980899,0.42076388,0.55238914,0.74917936,0.20622513,0.29815006,0.46747828,0.11818036,0.5155161,0.4959227,0.73681456,0.545108,0.48053163,0.71583164,0.871353,0.6005235,0.101407506,0.62505496,0.77447605,0.9262372,0.7386826,0.11681477,0.24819078,0.2579001,0.4835456,0.3097573,0.3884614,0.23685403,0.54872537,0.7903112,0.5811243,0.7545588,0.50620013,0.33917966,0.5689185,0.6368147,0.32883337,0.6463982,0.45460117,0.64383495,0.42253196,0.84454536,0.24608782,0.51754326,0.49196926,0.7019905,0.8005572,0.55894494,0.4513517,0.68729293,0.25864843,0.41906938,0.5423086,0.4312376,0.31763545,0.4277231,0.7891608,0.76641315,0.69293576,0.48350853,0.7105563,0.27529898,0.3738027,0.5705677,0.5917903,0.81284606,0.1882981,0.82666045,0.4477367,0.1956974,0.5916395,0.6892714,0.8279464,0.57167625,0.16320442,0.48913383,0.46300274,0.35116923,0.5671397,0.64552003,0.48213294,0.67048943,0.60519516,0.82398295,0.30195525,0.46269077,0.49466616,0.47067368,0.76307726,0.76441175,0.30972186,0.29078114,0.7181174,0.52528524,0.6458241,0.6243602,0.86418235,0.6142216,0.6218311,0.62413216,0.4124627,0.32044247,0.6183955,0.81686324,0.38422695,0.3961744,0.5238424,0.8865725,0.397649,0.26029488,0.3637157,0.79098576,0.33352125,0.41214055,0.69344157,0.77494097,0.6218334,0.37617192,0.72757006,0.32659635,0.3602155,0.7360285,0.8875544,0.38211107,0.16397615,0.7649197,0.46580082,0.43318516,0.72784436,0.559667,0.24541822,0.5717105,0.510153,0.5277933,0.5397326,0.27543786,0.6678797,0.13379537,0.48171312,0.12252425,0.5986525,0.8043105,0.821096,0.80654156,0.8614731,0.2775584,0.83647734,0.44826236,0.67211777,0.9291712,0.2977868,0.3171543,0.7413048,0.31429625,0.35132748,0.5461278,0.4770619,0.35268906,0.63669443,0.75324374,0.40028623,0.819681,0.22801924,0.7470601,0.25628638,0.40995362,0.24666852,0.31704098,0.5567932,0.19249094,0.17772074,0.33452016,0.852117,0.60847455,0.51642996,0.17132804,0.64640635,0.64275026,0.4623848,0.58198386,0.4999095,0.39094746,0.4355276,0.45886257,0.65644866,0.6107485,0.7807116,0.40170738,0.39163283,0.25131777,0.53159815,0.61316663,0.35272366,0.6706718,0.68038887,0.39028484,0.8677215,0.27519912,0.7223986,0.20945874,0.4727996,0.7058509,0.5680962,0.5804615,0.40709922,0.56289524,0.12667972,0.5428068,0.5346644,0.5267332,0.43810004,0.24366635,0.75230956,0.43672907,0.6311654,0.6778665,0.41393983,0.37530866,0.124858655,0.79048485,0.45327902,0.72959745,0.618185,0.7701441,0.4345188,0.25275192,0.440983,0.73944724,0.29589146,0.5489696,0.2535389,0.35245433,0.795832,0.5635339,0.60023284,0.5130197,0.3000297,0.587342,0.3621475,0.6599996,0.8066319,0.7650358,0.8023645,0.48161796,0.41999063,0.095858864,0.44317678,0.7724335,0.627133,0.26356596,0.35170084,0.83756024,0.7796304,0.60581493,0.69475883,0.60560954,0.31731334,0.60459965,0.65120745,0.3608939,0.4290305,0.703244,0.17861372,0.32612297,0.62691927,0.1695092,0.68276614,0.51575047,0.7085797,0.3429624,0.44917345,0.5157255,0.4531192,0.6114374,0.45155856,0.27392527,0.33757713,0.8122124,0.6946873,0.6496496,0.37895444,0.8622906,0.42137158,0.48393676,0.4031466,0.31783187,0.49255756,0.8133357,0.8011244,0.5189601,0.5998088,0.31234246,0.29482037,0.19325925,0.8537933,0.8927161,0.6607474,0.28924993,0.71774185,0.303986,0.68411773,0.6731229,0.74351114,0.4168655,0.5812191,0.8452688,0.8307867,0.76809025,0.37543976,0.2887685,0.21547568,0.7406149,0.13507086,0.68427247,0.5816726,0.3577793,0.73088104,0.5126024,0.21346618,0.37055376,0.39236844,0.7567933,0.24569356,0.23513058,0.54017997,0.5210332,0.13348638,0.1094812,0.6011062,0.63054645,0.28810105,0.7037819,0.3154174,0.33719394,0.79070675,0.3020837,0.4449972,0.6176137,0.8743081,0.21574874,0.9196735,0.37394,0.5989529,0.8664946,0.5597853,0.72469294,0.57438904,0.22480315,0.6356157,0.23853686,0.6025442,0.21094601,0.34517545,0.3324453,0.7778831,0.8642218,0.4642231,0.88243604,0.5089213,0.2969072,0.5302451,0.20547059,0.7662631,0.262278,0.19268331,0.5663422,0.54496014,0.44733554,0.8795585,0.17675382,0.35872793,0.7449581,0.5253272,0.30098167,0.65552133,0.89072025,0.2619814,0.5408002,0.53037375,0.5988423,0.8144544,0.42238984,0.20025845,0.10558746,0.5437758,0.6286395,0.53028303,0.6030931,0.5363004,0.6935398,0.77518106,0.8828836,0.2801964,0.4984098,0.7595895,0.70934,0.51166826,0.5630412,0.6036123,0.39257988,0.773942,0.24666114,0.45621392,0.634278,0.22249359,0.6751401,0.68975407,0.59937143,0.22239573,0.16585988,0.74447715,0.8071829,0.45019048,0.3960125,0.31030387,0.867641,0.23125473,0.5358431,0.75297093,0.52718025,0.89082277,0.6002498,0.613601,0.62481487,0.5102066,0.6090636,0.29104257,0.32873598,0.56793123,0.5802062,0.25300947,0.62487036,0.47741058,0.4983567,0.5145664,0.7978693,0.24842586,0.6722148,0.6174875,0.49876875,0.53901404,0.6255915,0.37888756,0.37701154,0.24968214,0.35262597,0.64967173,0.8080054,0.45150146,0.6279059,0.19336298,0.3805024,0.3373381,0.6924642,0.3419028,0.101402484,0.48265624,0.6363736,0.392811,0.7419433,0.79130274,0.67950684,0.42158958,0.575151,0.5573785,0.5190984,0.8043333,0.5231756,0.45015413,0.5907767,0.57197255,0.70961887,0.18697698,0.33556733,0.71884036,0.59611493,0.32807806,0.67709947,0.50361544,0.82763606,0.4469036,0.4766495,0.23884992,0.7515101,0.6015701,0.62577635,0.5317152,0.25513053,0.45827168,0.18366487
12,0.74662244,0.4720608,0.2511257,0.6283538,0.3741807,0.26211777,0.46255577,0.22248702,0.20630527,0.6293738,0.40220296,0.48174632,0.6996366,0.45666733,0.62837356,0.5918518,0.6489745,0.5754711,0.8771888,0.3728526,0.5679591,0.82730615,0.3493072,0.48828697,0.8257747,0.51311296,0.6193596,0.9000257,0.6868797,0.36972964,0.7905307,0.34197748,0.4416994,0.35224012,0.29777473,0.10579655,0.43592831,0.53987795,0.05881614,0.42318967,0.7985475,0.25553745,0.8373277,0.9229926,0.91724867,0.8552047,0.6956301,0.44206277,0.3967913,0.892554,0.80521744,0.70821565,0.3520101,0.47273207,0.5062647,0.4156145,0.18922769,0.28573164,0.535824,0.33824408,0.7333528,0.3990691,0.82559097,0.15790546,0.22837956,0.5992592,0.118734345,0.10763115,0.7384354,0.36888224,0.87396026,0.97879636,0.5895582,0.7932509,0.71611124,0.23668133,0.6089693,0.8428689,0.10170662,0.9408986,0.68233657,0.31559217,0.4451276,0.055363543,0.91189176,0.69114244,0.82697916,0.6317311,0.28606695,0.8223268,0.7718939,0.880511,0.85565895,0.15300415,0.54721415,0.6031267,0.80035925,0.34276688,0.35418427,0.26639435,0.63190156,0.69057894,0.26962817,0.46393472,0.28415033,0.66177684,0.7069583,0.4674045,0.21989474,0.58600044,0.08375698,0.6091451,0.7421379,0.29125154,0.38410085,0.41041207,0.40403527,0.46423873,0.23973137,0.6403228,0.2301421,0.71719784,0.42917517,0.6785144,0.86232084,0.6318874,0.4933311,0.66040784,0.4015657,0.45249248,0.37642154,0.30428985,0.56379527,0.34081122,0.6238366,0.6210934,0.3988905,0.9216408,0.2698578,0.68205816,0.2979048,0.424814,0.6195158,0.4605103,0.96931344,0.9353402,0.23872523,0.5692642,0.38307637,0.68162185,0.7033718,0.4565406,0.6482248,0.64885324,0.15772747,0.897373,0.76793474,0.37975058,0.31185046,0.47227314,0.49132794,0.33997202,0.33952248,0.7245088,0.87103796,0.8556954,0.0859636,0.078806795,0.49330255,0.24538739,0.68331194,0.66005343,0.7558358,0.5932563,0.41142327,0.23006701,0.31553766,0.36418524,0.23931202,0.5958506,0.7417494,0.4159096,0.8277779,0.75228226,0.64063364,0.12878698,0.3455875,0.13105795,0.8618292,0.39546028,0.29674697,0.5332938,0.7968844,0.74660724,0.42069796,0.31906143,0.4110965,0.31085542,0.48636281,0.19376051,0.51533926,0.5618106,0.46677288,0.69652,0.78801167,0.17923579,0.69304645,0.38240787,0.9295812,0.29669482,0.08153905,0.77003455,0.4436631,0.7559659,0.58426756,0.53419214,0.7890317,0.816455,0.757482,0.36788082,0.727921,0.6300643,0.9423013,0.5831378,0.32369632,0.6909874,0.82479995,0.55411243,0.72928965,0.4818559,0.20927985,0.4859862,0.094033256,0.7231511,0.36205134,0.55190796,0.2920938,0.50436664,0.41639695,0.39068222,0.35793585,0.43526074,0.47329965,0.8147746,0.504045,0.31222582,0.69468284,0.5631877,0.8841968,0.097383104,0.6234779,0.62594795,0.6580512,0.82613605,0.47782165,0.4874727,0.6447013,0.74666256,0.680483,0.691774,0.44766614,0.20003915,0.9369789,0.3069435,0.55992097,0.7105589,0.31974286,0.68402046,0.6662053,0.6791751,0.4678057,0.12531336,0.48801348,0.33874068,0.10099366,0.58715945,0.35761744,0.8457432,0.19284655,0.20842795,0.7371151,0.6165605,0.54640025,0.7661855,0.64484733,0.7467416,0.7116728,0.8320538,0.81308115,0.43992677,0.4796027,0.31968752,0.61472434,0.19958654,0.08929756,0.71771264,0.4866725,0.80608445,0.39917088,0.313089,0.74983644,0.8070873,0.3926009,0.46048746,0.5104624,0.057636958,0.5828274,0.33648568,0.50989527,0.42525485,0.8206705,0.8709099,0.24269554,0.41109794,0.9191942,0.5273185,0.9214566,0.018960409,0.34657013,0.442712,0.31808323,0.23347357,0.3270838,0.59216315,0.6460946,0.4374,0.4943568,0.56451654,0.85342336,0.571321,0.44142836,0.60529906,0.35118434,0.54707277,0.90632445,0.33613965,0.53339136,0.5562108,0.11668614,0.5430929,0.59375966,0.97434676,0.46336797,0.6124205,0.57182115,0.38361537,0.5879967,0.87271124,0.62656677,0.50522995,0.2913393,0.3804772,0.17555255,0.7863877,0.37798333,0.15053737,0.51550204,0.16362767,0.75717366,0.8190434,0.6883606,0.61835486,0.16966543,0.51383364,0.6071045,0.4605736,0.3616325,0.5704771,0.7517392,0.60486704,0.8623452,0.72735053,0.76846504,0.5268844,0.35315514,0.061891563,0.6311731,0.35046545,0.42939028,0.8434604,0.7357845,0.8165808,0.44929448,0.17115222,0.17703877,0.8540853,0.27311695,0.749747,0.45903984,0.5961365,0.4303589,0.37411523,0.8499355,0.63585955,0.70139205,0.40069976,0.6625624,0.56090575,0.40295583,0.14909942,0.52743167,0.5307046,0.65080404,0.30534256,0.28272715,0.46769148,0.7604186,0.508746,0.39002517,0.7142184,0.21648026,0.6653384,0.828975,0.5802858,0.27806023,0.4236972,0.49977311,0.13505507,0.93356985,0.34949654,0.47057292,0.62451816,0.84792024,0.7310066,0.4814729,0.6056243,0.3108031,0.21913424,0.77524084,0.73211545,0.35526812,0.6700075,0.27490795,0.5889539,0.3661924,0.4800644,0.594174,0.16415268,0.9165829,0.44523555,0.38233942,0.443862,0.4157745,0.36174494,0.6874645,0.79279286,0.5826098,0.3931915,0.16243334,0.52047414,0.48889655,0.82291025,0.2824762,0.13378294,0.4730427,0.36982313,0.50353706,0.34072232,0.61042696,0.39443696,0.81329376,0.47819796,0.7024397,0.6395829,0.5287733,0.31903276,0.5416449,0.75253147,0.87717897,0.2501571,0.6901065,0.7952268,0.7247454,0.082943104,0.49237162,0.47243878,0.54024434,0.2950489,0.2608882,0.20525183,0.86873466,0.9055329,0.54707414,0.549252,0.3941967,0.37403232,0.6550293,0.12685445,0.54428786,0.7275681,0.20252812,0.7378604,0.5495694,0.71660507,0.5408775,0.09105455,0.25424403,0.23654093,0.3399982,0.6051983,0.86266065,0.7807728,0.31629905,0.4531089,0.50678754,0.29751194,0.060507774,0.8280869,0.4880727,0.50770634,0.5514371,0.6463796,0.65046906,0.9030942,0.5762257,0.56673145,0.42355412,0.77076036,0.59218156,0.41908902,0.5549508,0.21519704,0.359066,0.5031376,0.7885742,0.19920877,0.67007315,0.5612516,0.63705707,0.7090767,0.46859753,0.6372462,0.3903918,0.2576152,0.57662964,0.4528895,0.45750746,0.76030064,0.098052375,0.525194,0.5408743,0.3658048,0.23857899,0.4586742,0.6479691,0.59665495,0.5886398,0.28821892,0.6429294,0.12495725,0.51262283,0.57328683,0.36257017,0.21215703,0.85878724,0.65327257,0.8473301,0.77117294,0.6018353,0.8454966,0.082601056,0.76355666,0.27856803,0.52455163,0.8171924,0.80467385,0.099930905,0.35793534,0.3057211,0.9039238,0.5196906,0.110243976,0.17404158,0.55625933,0.8078764,0.76293707,0.59409976,0.2779831,0.49269047,0.52125645,0.36395684,0.25270998,0.39492583,0.6070795,0.5953709,0.63410354,0.6383754,0.732518,0.44716802,0.37390178,0.16910985,0.6240322,0.3666006,0.5399288,0.6171014,0.5650451,0.5289689,0.2346943,0.5406,0.06254909,0.726117,0.59474206,0.4186605,0.938263,0.39080635,0.9083707,0.7508004,0.61869806,0.8055994,0.7751221,0.22683294,0.68104696,0.3298988,0.7707049,0.6855015,0.6129017,0.6715937,0.18298791,0.8615867,0.8040743,0.96448386,0.6483369,0.5390272,0.3163048,0.71646464,0.7245275,0.12520494,0.1987084,0.63341105,0.12984489,0.7391612,0.61383724,0.8096821,0.3420238,0.23121822,0.47262037,0.20403546,0.38695905,0.6031161,0.8421041,0.60263896,0.19187519,0.38095024,0.04218408,0.09934091,0.8192563,0.7842541,0.35437652,0.64765656,0.7491847,0.32884324,0.6312448,0.3674917,0.7564409,0.6859443,0.55014277,0.3249968,0.6323985,0.41289893,0.31983992,0.2143231,0.47085553,0.69951624,0.61631113,0.5632544,0.6729812,0.52134526,0.17164737,0.84234846,0.29497418,0.6732738,0.18054508,0.29987663,0.32173428,0.31533402,0.78696364,0.4929919,0.50817585,0.25085142,0.58463115,0.18535076,0.88563013,0.4984741,0.7366743,0.17382836,0.68809855,0.63327247,0.82007504,0.07627091,0.654092,0.44523486,0.74903363,0.7821896,0.44835743,0.5624238,0.88945866,0.65156394,0.75931925,0.8586706,0.55300397,0.93373716,0.48676527,0.8006764,0.41537288,0.40262854,0.62777114,0.37573147,0.6500993,0.5516474,0.21843882,0.5438707,0.48176795,0.4244493,0.27919522,0.3663014,0.19351557,0.89689845,0.271722,0.69827116,0.3722392,0.53651273,0.1897511,0.17960364,0.6319889,0.49877355,0.57867956,0.6127051,0.72683215,0.18352799,0.3088613,0.3988851,0.5536653,0.5260041,0.4072061,0.50092983,0.2886171,0.5008532,0.8706793,0.5114288,0.5939582,0.77664536,0.3654934,0.42280665,0.81852597,0.67965394,0.47270596,0.9597428,0.89834654,0.26154602,0.9134974,0.5940378,0.4276322,0.748539,0.21414243,0.4523408,0.4184989,0.09338981,0.40922922,0.33806032,0.888973,0.6662126,0.42484492,0.5204236,0.6918683,0.0378168,0.83908695,0.86316395,0.82011646,0.3390634,0.6849582,0.9050902,0.439123,0.26799226,0.22432894,0.7324139,0.6555943,0.60276514,0.26814094,0.6509064,0.7175966,0.62783796,0.29871532,0.10190115,0.5323241
13,0.1390801,0.6292185,0.556639,0.6327636,0.3793167,0.5641272,0.25018737,0.39859912,0.45277277,0.73176014,0.45664853,0.27033055,0.6194985,0.85059917,0.8797239,0.2121052,0.37330472,0.39730036,0.54751116,0.53482115,0.48934555,0.33397087,0.6325869,0.44582874,0.5547012,0.4612008,0.33940294,0.35589316,0.45336327,0.5129244,0.25096896,0.8447958,0.08589321,0.13714291,0.68489945,0.49601677,0.61579156,0.5005476,0.71226436,0.5871899,0.21614157,0.42822552,0.5210848,0.7370149,0.37621564,0.50977814,0.75793105,0.5108893,0.8206934,0.6120279,0.27520752,0.47123104,0.38196406,0.61381936,0.75542194,0.25496036,0.3589197,0.31854263,0.3795426,0.5826811,0.59012204,0.59113306,0.49676064,0.66698503,0.4748094,0.5843645,0.45468637,0.84795135,0.6660893,0.8381342,0.39501667,0.22232692,0.16378687,0.4235836,0.39613956,0.68758297,0.5198949,0.27813974,0.7692949,0.45962045,0.6492616,0.52560693,0.45841864,0.7434725,0.7731654,0.6216392,0.8523465,0.19958848,0.53388226,0.43635657,0.38359174,0.3795321,0.69900775,0.49130774,0.44370988,0.52221906,0.67306656,0.55494964,0.33732504,0.22373027,0.63489527,0.5126519,0.37980917,0.60641354,0.48264325,0.70887077,0.58702725,0.30078715,0.5613798,0.55475867,0.54520196,0.7890715,0.4967996,0.5867437,0.51872444,0.7293447,0.12963337,0.4054298,0.5259013,0.6001791,0.30438048,0.22362131,0.74318343,0.7752487,0.5812033,0.7513853,0.24944358,0.32818165,0.20771942,0.6669722,0.24219579,0.59707385,0.40859005,0.61142206,0.80664235,0.25180805,0.33420622,0.6677138,0.544221,0.63522726,0.69412965,0.3621512,0.88649595,0.4952812,0.14025953,0.640102,0.5630436,0.30984506,0.56494343,0.36320072,0.4945811,0.855558,0.53562176,0.20876856,0.50293195,0.2647334,0.740889,0.35289264,0.33909658,0.4834216,0.6218542,0.7011931,0.7842484,0.5384259,0.25427482,0.41771263,0.7165749,0.6790632,0.39760694,0.5056781,0.7001069,0.48060077,0.6988937,0.55057883,0.5692549,0.63273853,0.3694275,0.68606293,0.37646666,0.333526,0.43699807,0.60927296,0.29988045,0.32749346,0.31457308,0.51614606,0.32246172,0.6552955,0.53862,0.6443085,0.6547113,0.29065838,0.754408,0.40191287,0.4782786,0.38278607,0.71405345,0.5836173,0.4934647,0.67763376,0.3965997,0.8885548,0.6677813,0.61791116,0.7625953,0.39378968,0.45958185,0.22257097,0.45273846,0.5372709,0.5063269,0.17132723,0.392965,0.6534489,0.21590897,0.19259973,0.4208665,0.4196738,0.47738048,0.47529382,0.40160424,0.47390234,0.40690982,0.67487687,0.25131983,0.6503409,0.6992496,0.44123927,0.4555649,0.5750098,0.6627614,0.72295344,0.24946468,0.5751664,0.21867073,0.7232746,0.57856923,0.49332234,0.559488,0.26897988,0.38809448,0.37788218,0.4883183,0.6019435,0.47144344,0.598674,0.46683964,0.5069778,0.60021204,0.65151465,0.21353073,0.49734637,0.40525362,0.40962207,0.7470869,0.67639405,0.14642279,0.404603,0.2863764,0.6734665,0.6626767,0.4382705,0.5287787,0.40247178,0.5480171,0.44849962,0.53853893,0.16565132,0.42813236,0.23466875,0.6513405,0.3050468,0.6964333,0.6873665,0.37447014,0.23983371,0.648236,0.59929085,0.6553958,0.63397646,0.6973507,0.69230235,0.5683019,0.35434514,0.63863546,0.51071274,0.32088566,0.40274623,0.56481284,0.21226312,0.20081618,0.47931847,0.7502845,0.41773948,0.3569684,0.6988477,0.77380013,0.3305292,0.5635278,0.27471873,0.53746986,0.3957391,0.3040915,0.3893257,0.7515221,0.8176579,0.7840876,0.29673588,0.71699464,0.68436104,0.52670276,0.5144742,0.23250616,0.3283081,0.9109824,0.45847923,0.24130796,0.36563155,0.55933315,0.31364608,0.6100212,0.6094706,0.8432871,0.42918614,0.31193823,0.27794063,0.7912448,0.6300746,0.720148,0.40352002,0.47253746,0.22104691,0.3271809,0.25604552,0.61524516,0.5988987,0.35639757,0.38624564,0.5519287,0.46938488,0.34321856,0.5720498,0.43464944,0.50545096,0.43055317,0.7565662,0.57743543,0.26731747,0.20753027,0.42098916,0.79340863,0.80132973,0.4270044,0.6007806,0.5843163,0.7726498,0.31465647,0.51697016,0.6816446,0.64406294,0.28189895,0.48370218,0.6287327,0.4038352,0.6328335,0.7104322,0.5604118,0.37516046,0.4120645,0.30979842,0.39253905,0.51469505,0.18228938,0.5859626,0.28303486,0.5383189,0.45918408,0.53233594,0.8534559,0.26713684,0.42109466,0.55979186,0.44224703,0.56428576,0.50831604,0.34205252,0.8816031,0.27605176,0.17503673,0.6708086,0.46437275,0.6301127,0.2620057,0.32603717,0.717881,0.5456043,0.6891039,0.50605893,0.111512356,0.42687944,0.59965074,0.5133106,0.5345803,0.56550145,0.8402047,0.76703674,0.25998583,0.61372995,0.34048396,0.38935727,0.6199022,0.3200447,0.6192578,0.6975306,0.84470576,0.66977334,0.7274999,0.7195934,0.65715843,0.49073556,0.50515753,0.46951675,0.5592196,0.84480435,0.4500458,0.6585246,0.7057442,0.9166411,0.5262761,0.56248116,0.49922362,0.3040601,0.3626199,0.72710705,0.52814746,0.6047243,0.42084768,0.70395875,0.6938884,0.22586825,0.29413193,0.2758396,0.6236932,0.37940627,0.37017605,0.6685337,0.3344294,0.4827014,0.50560385,0.5012013,0.49353167,0.29621732,0.55650437,0.6557863,0.3363711,0.66055924,0.48515245,0.4626199,0.48155394,0.621259,0.3931387,0.34129462,0.45329782,0.58914113,0.4023407,0.29720238,0.41613105,0.5124714,0.31999448,0.5673108,0.5163691,0.29668817,0.8309324,0.47620672,0.3257087,0.5622278,0.63629425,0.6014421,0.23594508,0.66912854,0.71081775,0.70034665,0.8208141,0.30107096,0.3695121,0.3449156,0.43653217,0.64547133,0.49200138,0.5491708,0.4649879,0.46857303,0.29982537,0.6850059,0.67316425,0.6750551,0.69098616,0.8103925,0.27458152,0.5702697,0.21267487,0.31960312,0.69668376,0.49589503,0.63397497,0.6678628,0.4297796,0.42510706,0.56724674,0.61650693,0.5775476,0.81272846,0.6175383,0.5717288,0.319337,0.58752847,0.3649521,0.40019137,0.467953,0.43077892,0.27609447,0.33917567,0.66400385,0.5533033,0.37997583,0.63514185,0.7976603,0.5791398,0.652682,0.3944214,0.22466321,0.21905093,0.77003205,0.73017144,0.7022206,0.53337055,0.57382387,0.5961099,0.40316665,0.4871572,0.6997606,0.6135946,0.51000977,0.4104802,0.29597035,0.33053622,0.38503316,0.33364755,0.5532835,0.24426249,0.32871118,0.37488008,0.77705854,0.26720902,0.3430741,0.33620182,0.7475648,0.4791353,0.7090003,0.52939415,0.7289397,0.6758994,0.29517692,0.46193132,0.54778683,0.53843087,0.28799126,0.5006306,0.67060417,0.52675784,0.30303922,0.4321374,0.6706417,0.5222576,0.43951508,0.5071004,0.5829955,0.47708857,0.48949596,0.38405198,0.69510597,0.5386763,0.43678582,0.56862986,0.57846063,0.6514997,0.62017906,0.7299301,0.66726667,0.5465772,0.4081527,0.48098084,0.226076,0.4701993,0.6880084,0.6141933,0.56298196,0.17415297,0.36751354,0.3257649,0.24700026,0.33363038,0.51577735,0.24040562,0.526915,0.3360462,0.5727411,0.4117762,0.4381967,0.6342204,0.36288098,0.5699771,0.5261597,0.44618526,0.9042732,0.68838257,0.5610383,0.42021868,0.23399937,0.39492267,0.87753755,0.81790155,0.5545778,0.63863945,0.35350332,0.531604,0.35385308,0.81028926,0.492711,0.47323805,0.5657947,0.19518358,0.41756332,0.38025874,0.26034752,0.71524674,0.45018265,0.4888677,0.5977024,0.6232302,0.26136836,0.50928324,0.47066218,0.60236543,0.6116427,0.42916897,0.40885773,0.5626914,0.8116402,0.5877824,0.30324084,0.31038487,0.8310676,0.1738204,0.052786056,0.40309197,0.82131463,0.25319016,0.47875023,0.9044411,0.6839541,0.5756179,0.68776965,0.5158937,0.403046,0.42933622,0.7886575,0.4688477,0.63266784,0.4993515,0.2804311,0.4142912,0.41335264,0.43943137,0.602597,0.3661871,0.19852291,0.33969957,0.6331954,0.6863219,0.66479224,0.7844173,0.44415763,0.4740603,0.4786973,0.76875544,0.66159755,0.65898436,0.36427405,0.592333,0.27073848,0.44321546,0.17364477,0.42634347,0.6837641,0.60928786,0.5586386,0.73064315,0.2852186,0.17961669,0.531956,0.59277296,0.44850913,0.7674306,0.352272,0.64939564,0.4501419,0.611097,0.19211856,0.71168107,0.23356238,0.7129242,0.30461818,0.64157414,0.36319023,0.2454296,0.22715385,0.29855445,0.31260142,0.59357804,0.43508756,0.5327433,0.36167806,0.71015686,0.7440867,0.51981443,0.6917374,0.41502163,0.63445336,0.7404944,0.25094774,0.40318725,0.51992506,0.69564897,0.5980661,0.4088008,0.6739762,0.23341574,0.6308407,0.40987098,0.72617096,0.5362439,0.65496737,0.19705631,0.5245001,0.605235,0.530351,0.48016348,0.5337357,0.50475574,0.31200495,0.4024337,0.24244773,0.69842327,0.4194125,0.5477324,0.49488807,0.29063725,0.66120344,0.36554232,0.24820587,0.42962858,0.8171831,0.3953175,0.5387612,0.4030729,0.47254503,0.3427837,0.39768443,0.3035621,0.28842747,0.39631006,0.47119182,0.7499379,0.3309668,0.81684285,0.47559687,0.5982741,0.4988124,0.38156134,0.76560426,0.39177695,0.58945537,0.5566828
14,0.5719409,0.26841754,0.43195862,0.8612164,0.91814876,0.8827396,0.50048804,0.34539708,0.5323369,0.41951832,0.44354805,0.5012888,0.8920562,0.30998263,0.50812805,0.728272,0.5503887,0.6635124,0.14225775,0.40266928,0.71548104,0.5023341,0.91893154,0.19086847,0.5306041,0.23279136,0.37015736,0.88013977,0.72564244,0.24481466,0.67482644,0.47662356,0.7244775,0.5810501,0.45121264,0.5719975,0.7041423,0.57447237,0.22247137,0.11974447,0.69815177,0.4454403,0.6922641,0.7930667,0.91553575,0.4767303,0.28627184,0.5041461,0.47711042,0.5352534,0.45942166,0.42737666,0.505703,0.781822,0.69569623,0.20704682,0.4507811,0.4425106,0.12834235,0.37036857,0.9225421,0.9516256,0.5249704,0.5157088,0.40961373,0.7236077,0.6084842,0.3851209,0.6605387,0.54620796,0.61265385,0.7206433,0.21722859,0.39430726,0.6352101,0.3811203,0.62461066,0.32879734,0.73229074,0.8028665,0.81800085,0.3621602,0.30024874,0.24697861,0.40304068,0.3761005,0.38952833,0.8244371,0.4927238,0.8062376,0.3420524,0.8926719,0.45581847,0.3632064,0.8693142,0.712914,0.45165148,0.72674555,0.19186498,0.2054608,0.55431277,0.55050015,0.40002823,0.59052575,0.47807837,0.6625407,0.5872005,0.14276132,0.8010068,0.49759266,0.19674885,0.9428965,0.61399907,0.45585296,0.6721477,0.15582842,0.34839943,0.28936225,0.35145396,0.44694534,0.54374945,0.56492335,0.700649,0.82585347,0.64637536,0.4555914,0.7037183,0.28225306,0.5055999,0.6353392,0.16259171,0.8780182,0.70942736,0.4228338,0.22379862,0.28228843,0.5099278,0.78330016,0.27557012,0.6399372,0.45197627,0.56160766,0.8840348,0.5102101,0.7891903,0.80922014,0.3191541,0.54311544,0.43429062,0.52957296,0.3226243,0.3383545,0.37116107,0.3766931,0.5956914,0.27203512,0.59421057,0.4196189,0.8108039,0.49857166,0.19359672,0.6199753,0.6014889,0.9005127,0.4352706,0.47503915,0.39382786,0.21854223,0.23996867,0.5269029,0.7797541,0.68984234,0.78395075,0.53314745,0.22792535,0.45799398,0.5184999,0.21387158,0.3664981,0.71070117,0.719435,0.74326724,0.55058646,0.27934238,0.28396872,0.4544086,0.085212864,0.6637414,0.8413799,0.5895053,0.5271468,0.8709991,0.70956945,0.35459876,0.14697325,0.4571414,0.48319793,0.2904021,0.15779567,0.7865108,0.41083595,0.35786387,0.33911145,0.4811413,0.4948124,0.10386164,0.16893058,0.2866709,0.84727424,0.50084144,0.4155321,0.49733967,0.7749055,0.5308432,0.8602648,0.30890808,0.75258446,0.868771,0.72575283,0.191759,0.5578764,0.36828575,0.7408185,0.7612345,0.69264406,0.7007337,0.9317076,0.55719084,0.46859437,0.31742382,0.39662892,0.26960006,0.122483775,0.10366417,0.50549805,0.23045743,0.4822954,0.43197882,0.64655036,0.6826527,0.611992,0.41484588,0.4869933,0.7292313,0.8924608,0.7190321,0.36813414,0.6990251,0.40953138,0.17422931,0.6818614,0.455364,0.54745924,0.5413965,0.26428047,0.38382587,0.47975394,0.59947103,0.8528932,0.5574151,0.50062954,0.5150282,0.70613474,0.36245435,0.41263747,0.7347434,0.46489483,0.5118915,0.6067646,0.5951081,0.3451875,0.16398919,0.6051665,0.33509156,0.7441571,0.19905843,0.6188876,0.30009744,0.8862707,0.71114045,0.51328665,0.56217074,0.5339477,0.60419524,0.805364,0.5032343,0.53346,0.4040043,0.387047,0.6008316,0.45685932,0.39030296,0.80035645,0.3723192,0.16704738,0.7456978,0.6359352,0.6067473,0.5458184,0.7073143,0.63322264,0.8665247,0.5297477,0.63896143,0.30749002,0.11568094,0.4974188,0.4783235,0.21733059,0.5204179,0.31140247,0.7702544,0.4844285,0.23238897,0.5716213,0.6598703,0.5570864,0.39028907,0.5888536,0.7522087,0.6998735,0.3994159,0.61052823,0.81985444,0.709373,0.67983717,0.50922906,0.26620284,0.76094794,0.5157994,0.4966764,0.24215157,0.72804767,0.55344903,0.5556061,0.6816109,0.46675345,0.29217532,0.11098828,0.6254251,0.33988276,0.43083867,0.7398122,0.7427892,0.39743468,0.8024251,0.23430537,0.78508735,0.77128327,0.68424344,0.74585944,0.38201243,0.45480084,0.28924116,0.34367055,0.75247395,0.4592335,0.49575987,0.7415565,0.570165,0.7216773,0.50528145,0.5576709,0.36878753,0.504025,0.40992555,0.23410916,0.21915787,0.38859558,0.6019375,0.43510872,0.6275198,0.52216613,0.620208,0.74769175,0.3332567,0.42741433,0.5003796,0.7105295,0.66042507,0.72301215,0.78368175,0.6424837,0.50615054,0.30556807,0.78829765,0.6533036,0.5622694,0.9380886,0.6041462,0.7021069,0.593671,0.6758194,0.5948238,0.412125,0.24216072,0.8401577,0.28605145,0.7477062,0.7169695,0.9379317,0.775713,0.47640944,0.36544618,0.45214412,0.6840182,0.5896831,0.2663524,0.43749937,0.40197515,0.4723609,0.5307467,0.74867404,0.3031974,0.42158267,0.41898033,0.7258838,0.31149858,0.6406347,0.25532886,0.70239276,0.41424635,0.43701637,0.31457308,0.10461747,0.4883884,0.5145634,0.23220731,0.7831,0.7777815,0.73790324,0.55086076,0.16616695,0.4168006,0.5567029,0.6944359,0.38901985,0.43341827,0.60710263,0.89820087,0.3592495,0.27025953,0.527172,0.54005116,0.54981,0.62744933,0.79388344,0.41673157,0.6984486,0.49519938,0.58728683,0.40438634,0.20694892,0.13619831,0.7000779,0.6239385,0.7176857,0.35357624,0.532795,0.68310726,0.580818,0.6350927,0.3791676,0.62193805,0.70506555,0.5239882,0.39974862,0.68626815,0.42096722,0.89303344,0.20164487,0.44907156,0.18133947,0.8526467,0.7811116,0.7505436,0.46792382,0.50594246,0.22382677,0.3104159,0.4014225,0.48657086,0.70070916,0.6726505,0.82271785,0.06480313,0.8116322,0.51878864,0.7790655,0.43301585,0.2796507,0.756559,0.5610318,0.4297559,0.83934647,0.40573785,0.8080695,0.6669367,0.5586231,0.6690125,0.6824279,0.529977,0.61541975,0.8286425,0.6675938,0.39734423,0.57093114,0.28354844,0.37721583,0.8023103,0.71421015,0.79368687,0.43185952,0.33019248,0.25153852,0.4925388,0.7237779,0.20144099,0.3329374,0.26345265,0.4738171,0.5839778,0.47736755,0.72868526,0.3737645,0.65501446,0.703281,0.41987517,0.81121665,0.66283935,0.41866642,0.5724704,0.35999155,0.91505736,0.54480934,0.12792198,0.6293494,0.35007212,0.2633648,0.65110755,0.5855362,0.79440403,0.12779614,0.30791664,0.6832513,0.8252127,0.65915054,0.5028248,0.64773816,0.7967662,0.67800266,0.24115987,0.24585183,0.58293784,0.6195209,0.4843489,0.8034157,0.38373378,0.47029412,0.36924627,0.27748904,0.69394255,0.702251,0.18646398,0.3931061,0.44836482,0.18856849,0.42340586,0.40865034,0.61822635,0.87160444,0.3630382,0.29983836,0.32014793,0.35364386,0.6259903,0.41546348,0.49254543,0.7300539,0.7730159,0.50420773,0.63928896,0.28404388,0.70718044,0.70800936,0.67300576,0.88810414,0.88448215,0.46976838,0.4596082,0.5064488,0.3366622,0.68742687,0.36149138,0.470762,0.20602156,0.6104033,0.43958005,0.22528738,0.22211528,0.555309,0.44774538,0.6367999,0.6273837,0.5938582,0.7872277,0.729477,0.8195252,0.26376525,0.28998616,0.36795548,0.62708557,0.29326668,0.547179,0.850977,0.4390859,0.60069376,0.17219767,0.95855576,0.40638778,0.7803731,0.15576017,0.12023949,0.27756098,0.102422334,0.89968556,0.2577708,0.37065482,0.33186176,0.25975028,0.71717757,0.27614352,0.45669413,0.13492264,0.50859153,0.84764075,0.812128,0.113756575,0.41335964,0.757195,0.6269929,0.7553559,0.633361,0.4862376,0.47104242,0.28478253,0.58567715,0.742107,0.71034837,0.85456073,0.54586667,0.6092428,0.4989934,0.81316644,0.7659109,0.1921788,0.17560764,0.20512745,0.6144213,0.38669804,0.6118456,0.20856637,0.35433686,0.5005995,0.6565531,0.5796569,0.72582453,0.41043597,0.5580281,0.4014735,0.54274464,0.24214529,0.49786317,0.7206296,0.42609876,0.5434415,0.11251063,0.17880082,0.6859386,0.6244352,0.79204977,0.12703654,0.7279547,0.23384261,0.20602143,0.5693253,0.3918284,0.37768394,0.12516588,0.463053,0.787543,0.84679085,0.8306214,0.52268434,0.28473902,0.59132886,0.461542,0.43098944,0.5536706,0.6075817,0.80903226,0.43597454,0.28844777,0.61314064,0.62207085,0.41049227,0.5834455,0.747904,0.47010046,0.64019233,0.53706956,0.61138535,0.15891938,0.442925,0.60599995,0.13962294,0.53903687,0.31880015,0.3953688,0.47402027,0.44097355,0.3070976,0.5246194,0.3561404,0.5234467,0.619878,0.41055566,0.88016057,0.39030877,0.6807131,0.5371325,0.38549888,0.80157214,0.39234293,0.25028592,0.428102,0.7134428,0.638204,0.49942085,0.24212286,0.5373585,0.43902683,0.36154383,0.71452916,0.61765677,0.6771662,0.42869067,0.4599775,0.26560885,0.4264927,0.48489982,0.5553108,0.6908269,0.58740026,0.66927475,0.26846582,0.33082038,0.78963035,0.25750864,0.6852933,0.2981052,0.29582122,0.7336662,0.6493686,0.51124126,0.7830802,0.5421477,0.50686306,0.48806605,0.77817816,0.8222356,0.80829525,0.319872,0.6729991,0.4384698,0.59792507,0.47529548,0.19051746,0.44872516,0.415034,0.57680583,0.247715,0.30653068,0.4959424
15,0.47978786,0.5524904,0.6051339,0.2405537,0.7956226,0.6608392,0.27120072,0.6340836,0.21725364,0.6989374,0.4836054,0.31232032,0.2876468,0.39256036,0.3702,0.47147602,0.56545436,0.5345135,0.61923987,0.6701841,0.35355434,0.7925721,0.6218747,0.48053917,0.49364614,0.2706347,0.3278582,0.6320082,0.56589293,0.8146188,0.87106115,0.49799144,0.2895625,0.45031267,0.5804115,0.37421885,0.54772526,0.41248712,0.6578329,0.7139394,0.4910335,0.65424514,0.2866935,0.68257153,0.34202835,0.7249175,0.19481838,0.7623076,0.52160627,0.44202262,0.63339335,0.60863996,0.59315044,0.2524608,0.53101194,0.48980168,0.50619054,0.6904913,0.635915,0.40425375,0.19592005,0.42999557,0.8596265,0.76299304,0.51760876,0.22284861,0.62155616,0.5159239,0.753098,0.34516388,0.6664872,0.43003014,0.32837158,0.57980925,0.19593343,0.17851335,0.5741646,0.23858412,0.440026,0.50553,0.4694073,0.62022895,0.34962893,0.67500496,0.5327627,0.4170574,0.3417244,0.46734565,0.6861064,0.8751941,0.52516204,0.48953184,0.50032556,0.29843962,0.3592551,0.33271146,0.5307991,0.3611159,0.5348382,0.5295156,0.24070634,0.6704748,0.5497619,0.63882565,0.5801376,0.5654963,0.55629903,0.43723834,0.62077975,0.49533293,0.4120298,0.77625054,0.73781717,0.7360878,0.747563,0.17211802,0.62002194,0.56611496,0.45372286,0.43347695,0.64091814,0.7933632,0.32685038,0.29853827,0.21145889,0.33729637,0.5629395,0.61083865,0.58985037,0.67625964,0.32022223,0.40676007,0.6763381,0.22310959,0.5433785,0.6356101,0.5031953,0.42852044,0.57441556,0.36639145,0.41965008,0.46077135,0.43710527,0.5788024,0.39653656,0.3430272,0.41187775,0.5128571,0.41704258,0.41551533,0.7416864,0.53765774,0.8033236,0.41329268,0.39572084,0.5270066,0.31182757,0.6736124,0.7423122,0.5940215,0.8044499,0.8653779,0.43359348,0.71034735,0.34573916,0.5006047,0.58826673,0.6992835,0.4076766,0.30069408,0.4201657,0.5998737,0.6176642,0.6887278,0.6169,0.61977524,0.46076185,0.36404186,0.76940596,0.3671529,0.3197323,0.5775249,0.39895943,0.38445562,0.35442826,0.27067465,0.47540098,0.46895632,0.61965245,0.6381095,0.60808843,0.61799896,0.50938386,0.41657135,0.66592264,0.2979467,0.5949286,0.59632933,0.6208759,0.60736525,0.24432632,0.3291074,0.5434915,0.19118202,0.5507316,0.23676272,0.49747968,0.37721542,0.64138067,0.587027,0.62986654,0.7221111,0.557804,0.75566816,0.6268353,0.62694675,0.6486042,0.6620837,0.6341026,0.47865942,0.47526166,0.3727846,0.75151,0.5465316,0.62933075,0.58909625,0.38668728,0.7041308,0.5088605,0.41808134,0.6057572,0.3379575,0.7537907,0.59033895,0.5482037,0.38450998,0.57422495,0.5180495,0.42082942,0.8605299,0.49249116,0.7092801,0.38689187,0.45289442,0.8181863,0.68942153,0.38493836,0.37166512,0.3997938,0.17677781,0.3920331,0.27075374,0.3899237,0.5110938,0.3117081,0.39704898,0.35622153,0.6738753,0.4750014,0.42067122,0.79180783,0.4246767,0.71879447,0.23649596,0.5809402,0.3610129,0.3860023,0.4353484,0.7195931,0.41042566,0.8363572,0.6576513,0.5366543,0.4185216,0.2789729,0.47452,0.44109848,0.50455177,0.8940388,0.35072395,0.37860715,0.40276718,0.28537554,0.83058625,0.641836,0.82460934,0.29055062,0.65745586,0.51669866,0.39671707,0.5344183,0.37975565,0.8630336,0.43683863,0.250424,0.73186606,0.5185631,0.58360136,0.6133757,0.6371825,0.5116531,0.51305795,0.73570347,0.2882784,0.60166323,0.36200035,0.40445054,0.5273873,0.43119282,0.34551233,0.5499048,0.57218814,0.71136415,0.72943866,0.56390005,0.5861355,0.70876956,0.1498116,0.47873417,0.58712566,0.5611133,0.726577,0.2917341,0.5017306,0.37159038,0.3921318,0.33556527,0.562612,0.50380534,0.73931056,0.6008687,0.76687205,0.42691272,0.31434712,0.7455084,0.5777731,0.35147485,0.6506093,0.31042162,0.61919415,0.75205374,0.65900606,0.42998728,0.62853634,0.14081964,0.27081752,0.75884575,0.2242039,0.35749885,0.6988313,0.1658258,0.46092984,0.40874586,0.7222943,0.33218166,0.35575035,0.62558156,0.6526261,0.365833,0.75860775,0.6312462,0.4833963,0.29017204,0.71439904,0.31697035,0.515745,0.48092338,0.72402793,0.55337036,0.4222498,0.63593334,0.5496669,0.58341116,0.37977093,0.53994226,0.142505,0.43429223,0.595156,0.50866926,0.5131613,0.6588345,0.379265,0.7582074,0.19911295,0.8192536,0.7226365,0.28529567,0.54785764,0.63558507,0.513893,0.49944404,0.36043206,0.7088919,0.52185506,0.6820492,0.39869466,0.19230528,0.3559193,0.46008176,0.48537973,0.62197405,0.28195336,0.8471481,0.3481488,0.3363553,0.62908506,0.6977776,0.28160274,0.32507104,0.6363821,0.5252675,0.6051442,0.69544977,0.41810817,0.36999214,0.59846365,0.57125026,0.47733784,0.40154964,0.80513346,0.5367726,0.6593394,0.873656,0.6595083,0.08401357,0.17716941,0.6229567,0.23019907,0.6612351,0.4757479,0.551123,0.3417439,0.13479953,0.52610683,0.56364924,0.32324287,0.55746454,0.311594,0.53951186,0.624615,0.5773146,0.5716776,0.23099023,0.56925625,0.6164773,0.46264505,0.84449536,0.44993964,0.8216197,0.6645148,0.74703515,0.60658276,0.4793669,0.45801616,0.70834583,0.53146946,0.78901017,0.34252387,0.2786951,0.80802673,0.5204631,0.18918283,0.27559584,0.23341453,0.6573933,0.7261354,0.4039657,0.4232726,0.52259994,0.45972502,0.59830916,0.39498162,0.24358134,0.28897816,0.5570311,0.31118393,0.49078035,0.35827318,0.5121779,0.2908193,0.5467171,0.67094004,0.52769583,0.2963214,0.23268391,0.33947098,0.5353828,0.7219049,0.91833276,0.49694002,0.40806276,0.51672566,0.53256136,0.34795195,0.5924006,0.68558365,0.6017809,0.57009053,0.39463872,0.76989245,0.1650292,0.46097428,0.22512136,0.40092063,0.47064036,0.528812,0.2570724,0.5803407,0.6902798,0.589269,0.14243114,0.45308903,0.2392564,0.47629103,0.6263833,0.7451504,0.68491435,0.65225,0.33922762,0.39616776,0.16723752,0.5099843,0.35876563,0.5271696,0.72013575,0.4857666,0.6126484,0.5705824,0.5534313,0.33323893,0.29213604,0.90592927,0.6212526,0.47383648,0.36571887,0.53638315,0.22975744,0.5603596,0.5717502,0.42152217,0.55541617,0.41501063,0.26838955,0.3497305,0.51968145,0.15393008,0.33871564,0.77409714,0.64557403,0.25677773,0.8539642,0.48077056,0.40029904,0.37869185,0.6246569,0.38160974,0.8416773,0.36209947,0.82966113,0.64623636,0.6192961,0.4330239,0.68345165,0.2755954,0.24863839,0.22738807,0.36446556,0.26502186,0.69001037,0.55532455,0.28508916,0.6850163,0.74538517,0.54723024,0.6209336,0.6356741,0.7333711,0.5447524,0.3233547,0.5277924,0.53781974,0.46918887,0.65070605,0.685702,0.57999766,0.37898886,0.5986445,0.40097404,0.35893193,0.5655396,0.3940575,0.27737013,0.59819543,0.38948342,0.68711185,0.5668847,0.75583804,0.7426702,0.29673588,0.15646277,0.6011879,0.5237506,0.51365906,0.66782784,0.7475442,0.81166226,0.5778233,0.6419877,0.19354157,0.73952436,0.29443112,0.63472956,0.3534521,0.3233194,0.715795,0.4141078,0.714314,0.4727558,0.46577036,0.7923709,0.48284093,0.3494801,0.3431437,0.50207615,0.7238395,0.54211164,0.5553228,0.41441184,0.58396465,0.3603335,0.5852122,0.7052601,0.91101867,0.3667808,0.7221526,0.57511,0.35727817,0.5037031,0.408688,0.47426715,0.25770357,0.7544942,0.5316569,0.36977115,0.79422265,0.25719577,0.18252575,0.40352124,0.6197729,0.74229556,0.49360985,0.61624074,0.4053662,0.5513294,0.5258361,0.41696185,0.3395371,0.50020593,0.4940161,0.7679353,0.41195604,0.30415815,0.55427104,0.15956461,0.5003946,0.66109216,0.54864633,0.72658026,0.2328964,0.6399079,0.5598071,0.7076646,0.6210559,0.5805086,0.4925962,0.3179541,0.67822737,0.70628035,0.44084877,0.6486361,0.2731948,0.70888346,0.3168451,0.54846835,0.7766545,0.28622428,0.37163535,0.6061576,0.7228032,0.6652272,0.58937925,0.5767817,0.28577307,0.8656613,0.4244338,0.6896154,0.6454388,0.19259128,0.20987156,0.52702653,0.8466379,0.7215171,0.7437584,0.25194895,0.3333525,0.61590403,0.72083527,0.65877116,0.7755753,0.38603362,0.4719064,0.53327775,0.37394893,0.7092968,0.35461745,0.22632472,0.5182422,0.62317395,0.5275781,0.46553564,0.28107378,0.5817146,0.36391696,0.46815577,0.17744239,0.60137874,0.8251845,0.7321122,0.4087336,0.76447076,0.52859294,0.42936453,0.29548198,0.37954336,0.68903834,0.5449083,0.56689537,0.3444828,0.42767364,0.64105946,0.6889106,0.2504476,0.32674345,0.5881797,0.24197346,0.8676596,0.49921238,0.610557,0.65722483,0.81241965,0.50715667,0.60185003,0.62637424,0.3490235,0.35733396,0.5489666,0.6160633,0.7838549,0.338472,0.58338827,0.6179032,0.8230632,0.27092558,0.58415425,0.51211494,0.7341615,0.43535137,0.3965997,0.3066524,0.589074,0.37882233,0.43980017,0.5870915,0.6592683,0.29716545,0.5775077,0.43557018,0.39978972,0.5412979,0.29343802,0.788457,0.4685343,0.42848217,0.6110424
