,0,1,2,3,4,5,6,7,8,9,10,11,12,13,14,15,16,17,18,19,20,21,22,23,24,25,26,27,28,29,30,31,32,33,34,35,36,37,38,39,40,41,42,43,44,45,46,47,48,49,50,51,52,53,54,55,56,57,58,59,60,61,62,63,64,65,66,67,68,69,70,71,72,73,74,75,76,77,78,79,80,81,82,83,84,85,86,87,88,89,90,91,92,93,94,95,96,97,98,99,100,101,102,103,104,105,106,107,108,109,110,111,112,113,114,115,116,117,118,119,120,121,122,123,124,125,126,127,128,129,130,131,132,133,134,135,136,137,138,139,140,141,142,143,144,145,146,147,148,149,150,151,152,153,154,155,156,157,158,159,160,161,162,163,164,165,166,167,168,169,170,171,172,173,174,175,176,177,178,179,180,181,182,183,184,185,186,187,188,189,190,191,192,193,194,195,196,197,198,199,200,201,202,203,204,205,206,207,208,209,210,211,212,213,214,215,216,217,218,219,220,221,222,223,224,225,226,227,228,229,230,231,232,233,234,235,236,237,238,239,240,241,242,243,244,245,246,247,248,249,250,251,252,253,254,255,256,257,258,259,260,261,262,263,264,265,266,267,268,269,270,271,272,273,274,275,276,277,278,279,280,281,282,283,284,285,286,287,288,289,290,291,292,293,294,295,296,297,298,299,300,301,302,303,304,305,306,307,308,309,310,311,312,313,314,315,316,317,318,319,320,321,322,323,324,325,326,327,328,329,330,331,332,333,334,335,336,337,338,339,340,341,342,343,344,345,346,347,348,349,350,351,352,353,354,355,356,357,358,359,360,361,362,363,364,365,366,367,368,369,370,371,372,373,374,375,376,377,378,379,380,381,382,383,384,385,386,387,388,389,390,391,392,393,394,395,396,397,398,399,400,401,402,403,404,405,406,407,408,409,410,411,412,413,414,415,416,417,418,419,420,421,422,423,424,425,426,427,428,429,430,431,432,433,434,435,436,437,438,439,440,441,442,443,444,445,446,447,448,449,450,451,452,453,454,455,456,457,458,459,460,461,462,463,464,465,466,467,468,469,470,471,472,473,474,475,476,477,478,479,480,481,482,483,484,485,486,487,488,489,490,491,492,493,494,495,496,497,498,499,500,501,502,503,504,505,506,507,508,509,510,511,512,513,514,515,516,517,518,519,520,521,522,523,524,525,526,527,528,529,530,531,532,533,534,535,536,537,538,539,540,541,542,543,544,545,546,547,548,549,550,551,552,553,554,555,556,557,558,559,560,561,562,563,564,565,566,567,568,569,570,571,572,573,574,575,576,577,578,579,580,581,582,583,584,585,586,587,588,589,590,591,592,593,594,595,596,597,598,599,600,601,602,603,604,605,606,607,608,609,610,611,612,613,614,615,616,617,618,619,620,621,622,623,624,625,626,627,628,629,630,631,632,633,634,635,636,637,638,639,640,641,642,643,644,645,646,647,648,649,650,651,652,653,654,655,656,657,658,659,660,661,662,663,664,665,666,667,668,669,670,671,672,673,674,675,676,677,678,679,680,681,682,683,684,685,686,687,688,689,690,691,692,693,694,695,696,697,698,699,700,701,702,703,704,705,706,707,708,709,710,711,712,713,714,715,716,717,718,719,720,721,722,723,724,725,726,727,728,729,730,731,732,733,734,735,736,737,738,739,740,741,742,743,744,745,746,747,748,749,750,751,752,753,754,755,756,757,758,759,760,761,762,763,764,765,766,767,768,769,770,771,772,773,774,775,776,777,778,779,780,781,782,783
0,0.015811052,0.0024479027,0.0011781967,0.0011632662,0.0013200903,0.0027836873,0.0041273497,0.0047299466,0.004169811,0.003127446,0.0067628003,0.017387165,0.07706315,0.14684887,0.033429585,0.015127099,0.0056860847,0.002475172,0.002601705,0.0017120261,0.0021138892,0.0034957426,0.0058113444,0.008199818,0.012556402,0.019275984,0.09056943,0.35312605,0.0056989156,0.00071189046,0.00022536778,0.00018071076,0.0002159723,0.00068100326,0.001061348,0.00065415894,0.00057051907,0.0004121837,0.00050613564,0.0012143851,0.0042582955,0.015061142,0.012364857,0.0045860857,0.0010708246,0.00025992264,0.00017422442,0.00017220041,0.0003050664,0.00056485,0.00057944906,0.0009344692,0.0016467002,0.0015630465,0.009518461,0.082570985,0.0021459158,0.0007313838,0.0002488664,0.0002153712,0.00026916873,0.00042920848,0.0005457706,0.00033565768,0.00023817446,0.0002778039,0.00046697227,0.00036284872,0.00053584285,0.0027179567,0.008983314,0.016959215,0.006698803,0.0010325098,0.00023648955,0.00037993418,0.0005837827,0.0004368182,0.00043190914,0.00094762846,0.0010125755,0.00037682877,0.0028881317,0.037980877,0.0010951469,0.00023583678,6.3966676e-05,9.096446e-05,0.00010043176,8.817283e-05,0.00012224265,0.00011955092,6.373577e-05,0.000104931794,0.00019244153,7.488892e-05,9.6830685e-05,0.00082826137,0.004484176,0.018145757,0.024256796,0.0015509349,0.00016379218,0.00021626549,0.0002658734,0.00021564573,0.00021623334,0.00025926577,0.000195185,0.00015753222,0.0007952304,0.009025328,0.0014782625,0.00024960563,0.00011434034,0.0002793835,0.00047811514,0.0003758343,0.0001804191,0.00014742264,6.755004e-05,0.000100418925,0.0001913189,3.4355857e-05,4.1146894e-05,0.0010931669,0.008369017,0.06258151,0.3215983,0.16388686,0.047780503,0.068175875,0.20468706,0.2488105,0.04727169,0.0008796473,0.00015805055,0.00023239727,0.00020966647,0.0012272145,0.0010004187,0.00018255241,0.00015193073,0.0004444005,0.0011683946,0.0014032217,0.0002742475,7.73385e-05,4.5865138e-05,9.733559e-05,0.00027981398,6.5599306e-05,0.00013929243,0.0050489795,0.027891647,0.21172702,0.79680425,0.8246381,0.7308188,0.93241006,0.9963091,0.9954281,0.84695184,0.013515488,0.00021959422,0.00011839682,9.469855e-05,0.0007388252,0.0008468291,0.00010996031,0.00010845979,0.00034082306,0.0013043322,0.0035825076,0.0006797405,9.451127e-05,5.9333688e-05,0.000100234094,0.0004923555,0.0012049989,0.0052584177,0.09271407,0.5253303,0.7182599,0.8400975,0.52036256,0.5404286,0.9791033,0.9994838,0.9979978,0.9244617,0.11921839,0.0004101758,8.1333594e-05,9.494024e-05,0.0007766182,0.0008202302,9.4810595e-05,0.000103506005,0.0005406314,0.004400178,0.008692176,0.0021070354,0.0002035302,6.282668e-05,0.00013991237,0.0012800436,0.016451996,0.13171035,0.7212761,0.9898179,0.98239374,0.65576255,0.09655617,0.0579775,0.6605986,0.98331565,0.94968593,0.9131545,0.4377126,0.002129526,0.0004950563,0.00040848934,0.0029447973,0.0009122265,0.00013405764,0.00024010339,0.0010904948,0.015637733,0.050144035,0.019165449,0.001887432,0.00058926747,0.0035480203,0.009342336,0.14536783,0.76034045,0.96045935,0.99543434,0.70495796,0.0028338092,0.00020079635,0.0004959842,0.0031883812,0.035240334,0.16143785,0.8336277,0.61598,0.006663724,0.0013668778,0.0005279055,0.0047108764,0.0007741404,0.00012966483,0.00022240257,0.00060372066,0.006603686,0.10609611,0.2609191,0.13418671,0.09730412,0.15408805,0.21861008,0.8149586,0.98467886,0.9886515,0.8533056,0.0021650624,6.5319227e-06,2.660939e-05,0.0008305304,0.0067008156,0.1358959,0.7950606,0.98614174,0.6309055,0.0030705067,0.0008283616,0.0004151367,0.0054144054,0.0008770077,0.00014752458,0.00047740882,0.0011247087,0.004816093,0.060818423,0.47053596,0.6570901,0.79293835,0.8340832,0.7636987,0.95136267,0.97616607,0.85575885,0.09731236,0.00038946202,1.4076564e-05,0.00038765534,0.016199976,0.21377009,0.98154044,0.9979982,0.9940666,0.21848083,0.0003259777,0.00014393202,0.00012912157,0.0031990602,0.0014486097,0.00036975965,0.001698048,0.005373264,0.009629218,0.012962599,0.08463952,0.49619365,0.96942824,0.98424536,0.89958435,0.90119404,0.53133553,0.023439016,0.005161249,0.0076935827,0.0041627716,0.027300734,0.494342,0.8949815,0.99695635,0.9962901,0.71233374,0.011624724,0.00014419372,7.4609e-05,0.00014782535,0.00842633,0.0028487782,0.0012586411,0.0027044963,0.0042115347,0.0013558929,0.0003755438,0.002849171,0.09697356,0.96536684,0.9963767,0.9975309,0.9749858,0.13794273,0.0014547082,0.0013863484,0.17051998,0.6134793,0.93081486,0.9920813,0.9701329,0.9181023,0.47395933,0.011029413,0.00072207494,5.914703e-05,7.285871e-05,0.0005328646,0.020837914,0.0046509053,0.002269258,0.004136768,0.0031607102,0.0005655578,0.00028289045,0.0006512959,0.0013903136,0.0508437,0.9474572,0.9996915,0.99656373,0.39781383,0.025597632,0.06053152,0.65177494,0.8842594,0.9553744,0.9245435,0.44371817,0.036246456,0.0059194467,0.0005671943,0.00016275937,9.639767e-05,0.00017820706,0.0005338674,0.007815711,0.0040196674,0.0018413222,0.002883342,0.0033121076,0.0014408234,0.0005611623,0.00015425554,2.8259452e-05,8.540317e-05,0.017346477,0.9394098,0.9835622,0.8870286,0.8853765,0.96086687,0.88341355,0.5344013,0.113048874,0.011917095,0.0046940683,0.0006711035,0.00036122845,0.00011625342,8.111091e-05,0.00020990151,0.00061820267,0.0010041767,0.012544012,0.0033541261,0.0016439721,0.0024030632,0.0036220641,0.0023095303,0.00046032807,4.787018e-05,9.458626e-06,1.3149435e-05,0.00048997294,0.17660679,0.9674779,0.99576,0.9984535,0.9966372,0.33107638,0.001799525,0.0002787556,0.0001878558,0.00016698426,8.7321874e-05,0.000114745024,7.523888e-05,9.78299e-05,0.00011048636,0.0002103184,0.0004720389,0.006676393,0.0034483955,0.0016075249,0.0027299863,0.005374742,0.004193151,0.00060646946,2.0418158e-05,2.9000985e-06,5.9695367e-06,0.0001667289,0.040988907,0.9148887,0.9977076,0.9985663,0.981693,0.038766053,5.455857e-05,1.779998e-05,3.744413e-05,7.352856e-05,0.00019639265,0.00059039384,0.00032004155,0.00024204399,0.00016459567,0.0001949079,0.00065680494,0.015237369,0.004894181,0.0019832,0.002694643,0.0041282475,0.004659297,0.0014415749,5.91017e-05,1.6714408e-05,2.8336794e-05,0.0005649899,0.07809019,0.8585647,0.9867259,0.97985876,0.9521827,0.42002752,0.003952459,0.00029091234,8.77193e-05,7.228577e-05,0.0003230411,0.0012360488,0.00047988765,0.00022030786,0.00018693703,0.00044948806,0.0037914196,0.052928213,0.0045151715,0.0010926911,0.00064112764,0.0007809957,0.0009690639,0.0010454381,7.7800076e-05,2.4561321e-05,0.0001616088,0.0044413363,0.6769056,0.9710931,0.8520173,0.86638445,0.9838284,0.88863295,0.081946224,0.0039358297,0.00012663193,3.4754954e-05,9.831282e-05,0.0006155921,0.00063136796,0.00060340564,0.0012724912,0.003482011,0.06853316,0.4328934,0.0028875896,0.00030076827,0.0001494037,0.00021262525,0.00023704894,0.00044366947,3.636718e-05,2.445241e-05,0.001175471,0.08890859,0.97979295,0.9920046,0.5231179,0.3330846,0.9892157,0.9911375,0.3762158,0.016363828,0.00017744303,1.8080162e-05,4.1774674e-05,0.00038587707,0.0010908496,0.0022019825,0.008269111,0.013090792,0.2221004,0.7785608,0.0029838998,0.0002616926,0.00011324442,0.0001832603,0.00025616196,0.00051274104,7.878414e-05,0.0001059773,0.005991659,0.4711363,0.98450434,0.8842632,0.04633275,0.055942982,0.97096,0.99549377,0.6239871,0.013437482,0.00011760186,1.252585e-05,2.867871e-05,0.00022791723,0.0008366669,0.006704082,0.045956653,0.06325657,0.43224305,0.68874025,0.0026388,0.0002662747,9.655352e-05,0.00015865573,0.00021120139,0.00036562275,8.9066576e-05,0.00011040485,0.0033073162,0.2049224,0.9507638,0.5200708,0.029627886,0.7596511,0.9974185,0.982767,0.20893928,0.0020257093,7.990926e-05,4.956405e-05,5.3121003e-05,0.0001549317,0.0005002224,0.0059864363,0.089384526,0.077910915,0.29522836,0.47018015,0.002833307,0.00034708163,0.0001487403,0.00024211484,0.00025114417,0.00025338554,9.718989e-05,0.00014485921,0.0009098046,0.04998562,0.98693174,0.9404908,0.53896827,0.97529626,0.9831715,0.3696399,0.0009728734,7.9680074e-05,3.702694e-05,7.6445715e-05,0.00011829998,0.0002837021,0.000663975,0.0016412382,0.016840901,0.012193823,0.02342428,0.13585871,0.0029144068,0.00041099347,0.00012397792,0.00028510366,0.00042883464,0.0004556361,0.0002867819,0.00037988272,0.00050226296,0.008138589,0.98134345,0.99324846,0.95297045,0.8964766,0.2066283,0.0040687383,7.849199e-05,8.561167e-05,4.7014666e-05,0.00021795364,0.00036237473,0.0005294495,0.0016911605,0.0020653082,0.006750582,0.002658546,0.004149947,0.04445348,0.0029070294,0.00069088803,0.00021749859,0.00042467282,0.0013838499,0.0014302806,0.00030063128,0.00020002242,0.00015264908,0.00038121722,0.07089905,0.55409884,0.6343273,0.09604699,0.0021096177,0.0004980979,0.00055844826,0.0028721115,0.0023842189,0.011281562,0.009515594,0.0023945724,0.0010055207,0.0004370002,0.00042747022,0.00014651843,0.0010466739,0.036617663,0.0026299274,0.00092873344,0.00035667518,0.0005403921,0.0021772555,0.0035328413,0.00037287845,5.7711666e-05,3.7283076e-05,4.731868e-05,0.0005952913,0.0031205916,0.009320974,0.0008092075,2.1950204e-05,0.0001221986,0.0032739048,0.026228713,0.021644156,0.08062305,0.09445929,0.0120972,0.0010930373,0.00011781434,6.7291585e-05,6.5311055e-05,0.0014655468,0.06270389,0.0013852873,0.0005721917,0.00025700327,0.00034977024,0.0017022247,0.0071359817,0.0012810377,0.00012941296,3.463842e-05,5.2800806e-05,0.00034499096,0.00087292516,0.0004384036,3.973135e-05,1.5329191e-05,0.00022730004,0.019771324,0.08735789,0.05743482,0.1686367,0.109116994,0.012598336,0.0013969152,0.00013136759,6.896165e-05,0.0001351762,0.003310828,0.099586345,0.003552919,0.0014068371,0.0011379735,0.0007283751,0.002616124,0.0042178505,0.0014939834,0.0005108758,0.00020761887,0.0005720284,0.0013083296,0.007058325,0.006500564,0.0032319548,0.008595574,0.034758095,0.14500068,0.07382719,0.037084915,0.024770947,0.012137933,0.0033445242,0.0008159225,0.00021021593,0.00012482048,0.0002147075,0.0020787516,0.028703144
1,0.016186122,0.009056292,0.013958125,0.017051917,0.01648343,0.009151432,0.0086311,0.013630537,0.014277276,0.009112229,0.006072357,0.0072133145,0.010836042,0.027824912,0.12291675,0.123532005,0.038309883,0.019025961,0.00921778,0.008166331,0.009440337,0.014702342,0.00908481,0.0029062072,0.005710535,0.034128714,0.5482991,0.8479293,0.012076417,0.0069075264,0.0040960275,0.002396522,0.0018702263,0.0008525581,0.00058373174,0.0010067683,0.0018288995,0.0019858521,0.0011546941,0.001058205,0.0019318176,0.0037226263,0.010104529,0.009771827,0.0028853526,0.0021252302,0.0014365332,0.0010984925,0.0015427036,0.0021384156,0.0021250572,0.00066134403,0.0009212137,0.0046508173,0.29044282,0.9120403,0.010992976,0.0054816892,0.0016064224,0.00067442184,0.0003604883,0.0003312701,0.00022633035,0.00027816513,0.0003958083,0.0006207601,0.0005197391,0.00046306857,0.00072689605,0.00045522238,0.00045418125,0.00069817115,0.00051679637,0.0007228057,0.00078423315,0.00073628785,0.0011328566,0.0009354331,0.006392775,0.015966358,0.029099897,0.036481094,0.277813,0.8282147,0.006838578,0.0016081701,0.00031526762,0.00013989597,6.6791574e-05,6.812566e-05,5.1387055e-05,7.248954e-05,8.4205596e-05,0.00010294935,0.00012572044,0.00020373773,0.00017519329,5.894579e-05,3.9015256e-05,7.90783e-05,9.8905126e-05,5.2507366e-05,6.883156e-05,0.00023936144,0.0006163747,0.00028302183,0.003149361,0.01827931,0.073896974,0.07712095,0.063951716,0.3800934,0.019607114,0.0026082627,0.00027130073,0.00012218239,5.3055242e-05,5.6065026e-05,7.144947e-05,0.00011209464,0.00016753226,0.00018090903,0.00030319302,0.0005132276,0.00052193867,0.00017721123,7.821531e-05,0.00014665403,0.00039050667,9.5883006e-05,2.396813e-05,2.7071936e-05,3.0048228e-05,3.6425732e-05,0.0005670273,0.011099155,0.119583525,0.08952989,0.010744615,0.07072117,0.029266428,0.0033138965,0.00023193595,9.963307e-05,5.189894e-05,7.3209594e-05,0.00012770388,0.0002139724,0.00037890204,0.0006098383,0.0015443115,0.0022847936,0.0059863087,0.0150711555,0.037369575,0.10976785,0.470424,0.06834304,0.0005136159,2.4901648e-05,4.348988e-06,1.3947561e-05,0.00031366636,0.005902291,0.05637334,0.048718113,0.004590472,0.028811652,0.01688652,0.0017100272,0.00011039991,8.104983e-05,5.8326463e-05,6.870303e-05,0.00017306475,0.0002472666,0.0007279595,0.008927849,0.045214318,0.09040551,0.67957926,0.94692075,0.9957788,0.9982712,0.99878937,0.9876632,0.0955281,0.0005964002,2.1472206e-05,2.6668711e-05,0.00022805047,0.001887078,0.00606333,0.006044562,0.0014269148,0.012116584,0.011788203,0.0011330346,9.9237295e-05,0.000111454276,6.355164e-05,6.529076e-05,0.0002487677,0.0005129718,0.0028836587,0.11166947,0.7402781,0.93808264,0.9969416,0.9991744,0.9994017,0.99771285,0.9991098,0.9984458,0.8379207,0.06157256,0.0007161566,0.00032408314,0.00042273226,0.00071746856,0.0019300227,0.0013556404,0.00051490974,0.0071888138,0.006019032,0.0007808171,0.000117545474,0.00015923133,9.214077e-05,9.38826e-05,0.00029461033,0.0007009586,0.00674698,0.35096398,0.9823301,0.99036855,0.96246177,0.9375124,0.35012394,0.10799335,0.97609395,0.99755317,0.9936619,0.9013822,0.09122196,0.028166825,0.0013166743,0.000502313,0.0018794504,0.00094819476,0.0005426102,0.007898472,0.0042637293,0.00053125265,0.00012892252,0.0002036993,0.00011589702,0.00011449691,0.00021188677,0.0003752529,0.009386639,0.8410358,0.9989779,0.98291034,0.28950667,0.017374493,0.00014186582,0.0005164384,0.57490313,0.99469805,0.9978872,0.8198216,0.036529176,0.0053593623,0.00026112012,0.000253001,0.0006019983,0.00040875017,0.0003000211,0.0050631557,0.004975502,0.00054829527,0.00013887191,0.0002658815,0.00014620178,0.00013597799,0.00014625366,0.00015657768,0.0068301237,0.884317,0.9993923,0.9901663,0.080751516,0.00071626925,0.00010443606,0.0024600753,0.79407525,0.997449,0.9942028,0.3180847,0.0014595217,0.00026017998,9.624842e-05,7.7408375e-05,0.00016022756,0.00035534985,0.00044164344,0.0073852707,0.00388081,0.0006158245,0.00013984769,0.00015035937,0.00011874459,0.00020147255,0.00015128538,0.00012700295,0.002652517,0.5335075,0.99946076,0.99846554,0.26153344,0.018916886,0.07173272,0.59292316,0.99160683,0.99037886,0.71421224,0.024803663,0.0008140016,0.00081466086,0.00024283682,9.195758e-05,0.00019235915,0.00070606737,0.0021507342,0.024121098,0.0039826124,0.00058175664,0.00011557045,0.00014500915,0.00019046708,0.00024396749,9.01406e-05,5.6888104e-05,0.0010246666,0.12560074,0.99739045,0.9983334,0.8237265,0.76741576,0.9619555,0.9979943,0.99883455,0.70691663,0.0039588655,0.0005673711,0.00054491917,0.00090099336,0.00040468745,0.0002486233,0.0003519402,0.0009617378,0.009397662,0.14616635,0.0029985567,0.0005568877,9.898316e-05,0.00014219317,0.00021438817,0.00015472248,6.073567e-05,1.9707251e-05,0.00014890761,0.009313642,0.9596107,0.9994363,0.99508744,0.9786783,0.99574786,0.99899954,0.9928069,0.29927808,0.0019690758,0.0015380679,0.0036162916,0.002942887,0.0005291392,0.00021175305,0.00027551546,0.0012628374,0.046653308,0.4590302,0.0028430056,0.0008154387,0.00016367385,0.00011507012,0.00014265097,0.00018214034,8.4134e-05,2.6648297e-05,8.385223e-05,0.0025105104,0.90848094,0.99973434,0.9995821,0.9976846,0.9980877,0.9897737,0.91699845,0.6432208,0.05677624,0.014717373,0.013980024,0.008551039,0.00051855005,7.138599e-05,8.1044265e-05,0.0006185091,0.041012436,0.5587445,0.00300781,0.0008555618,0.00020171146,0.00014566409,0.00018445325,0.0001907535,7.8535864e-05,2.8620354e-05,6.349694e-05,0.00074357394,0.5458952,0.9979724,0.9995838,0.99916124,0.989207,0.7105493,0.93697554,0.9813261,0.5364689,0.085371785,0.008946913,0.00095473893,5.8582656e-05,2.3179407e-05,3.2414475e-05,0.00021352424,0.014563297,0.50538886,0.002266482,0.000660522,0.00017138546,8.232058e-05,7.8171994e-05,7.168752e-05,8.965795e-05,0.00013624625,0.00020733675,0.0007203326,0.20647153,0.98730683,0.99829596,0.99666435,0.8788424,0.051007036,0.7404181,0.9973525,0.99306494,0.9663086,0.32265216,0.00095566997,1.1365711e-05,1.940069e-05,2.8279319e-05,0.0001619834,0.010623704,0.45371413,0.0026675137,0.0006324466,0.00012955755,5.713428e-05,4.4182787e-05,8.920469e-05,0.00037332074,0.0008957991,0.0013576988,0.0009837099,0.078732245,0.9491504,0.9927066,0.98295,0.1959305,0.00049603835,0.029726991,0.94406337,0.99690324,0.9972801,0.81875974,0.0033259809,1.3341445e-05,3.134617e-05,2.909645e-05,0.0001051297,0.0043592127,0.31065893,0.0028735565,0.00066331256,0.00019847674,0.00010757552,0.0001301117,0.00034381158,0.0024419217,0.0068696924,0.0037511738,0.0019732043,0.021418843,0.73941946,0.9915598,0.91610324,0.0038306727,6.0676102e-05,0.0020813697,0.07097946,0.9461747,0.99764675,0.92852616,0.012742741,6.63636e-05,8.061616e-05,3.5119105e-05,4.218626e-05,0.0018186633,0.25889722,0.0031595628,0.0008653595,0.00023895373,0.00013484019,0.0002512596,0.000478331,0.0025850048,0.009485713,0.011971003,0.0089185415,0.008158583,0.2511305,0.9755739,0.78030974,0.0017671459,0.00018577599,0.000996397,0.0042183255,0.87733334,0.9991215,0.9923884,0.16708568,0.00023953631,6.988729e-05,4.457621e-05,3.590541e-05,0.0014712288,0.33990616,0.0024525216,0.0007962745,0.00027032732,0.00016750318,0.00025802857,0.00023572036,0.0006785166,0.0037461396,0.011889898,0.010374525,0.014224517,0.2683947,0.9782925,0.88086873,0.0038799702,0.00052834087,0.004649433,0.019151654,0.9421591,0.99919516,0.99446195,0.30795842,0.00025544444,4.0954954e-05,2.1042551e-05,2.48492e-05,0.0010317189,0.20329723,0.0018807988,0.0006275537,0.00029661725,0.00018868677,0.00028119772,0.00011483488,0.00014076318,0.0006766474,0.0011694797,0.014060005,0.18727064,0.56640166,0.96987635,0.67211866,0.0090617705,0.020697456,0.2882598,0.6653857,0.9935487,0.99716276,0.95323825,0.15057798,0.00041134056,8.8530396e-05,3.567751e-05,6.000655e-05,0.0019746837,0.13770606,0.0016317276,0.0005303445,0.00018091868,0.00014275614,0.00018365511,6.735398e-05,0.000113718605,0.00029111127,0.0004748898,0.0102097485,0.40376332,0.7228216,0.95406336,0.8878797,0.8383073,0.94904816,0.99371237,0.9975834,0.9986482,0.9834584,0.41236606,0.058258243,0.00042758437,8.024923e-05,5.2804022e-05,0.000102952195,0.0027730998,0.13064802,0.0014334372,0.00032674187,0.00010185094,7.506688e-05,6.1578394e-05,3.9127815e-05,0.00012985934,0.00030122686,0.0004485618,0.0039379783,0.33153808,0.93257374,0.9969087,0.9989472,0.9997938,0.9995252,0.9995852,0.99918026,0.9828232,0.66281724,0.03076657,0.007372362,0.0006068488,0.0005551365,0.00017461475,0.00016819843,0.0036651427,0.08142931,0.0020403343,0.00061091804,0.00014418464,8.529345e-05,9.9470926e-05,0.00013294163,0.00028162,0.00031090114,0.00020164011,0.0013456522,0.10869873,0.6958766,0.95371175,0.97560215,0.98572,0.90552795,0.83488804,0.5017857,0.040283866,0.005183321,0.00037600595,0.00011221602,0.00020078733,0.0015853063,0.00048364504,0.0003122417,0.0039472776,0.08092531,0.0023337621,0.00085830176,0.000198718,0.00012581014,0.00018570745,0.000401297,0.0006772894,0.00051639753,0.000270912,0.0005010926,0.0029620246,0.005507978,0.007984002,0.007837446,0.01343925,0.0025850835,0.0016799403,0.0007838984,0.0003288152,0.00092389475,0.00017387656,3.8154012e-05,9.0693524e-05,0.00050971494,0.00034239524,0.00018598905,0.002039942,0.08558719,0.0024022153,0.00071011146,0.00019283275,0.00014481405,0.00022411166,0.0004964191,0.00050526916,0.0002654909,0.00013014098,0.00017415166,0.00023997841,0.00018742909,0.00012424409,0.00026561774,0.00074107177,0.00036473467,0.00017449041,4.100908e-05,2.2996244e-05,0.0001265822,0.00011957406,4.55908e-05,7.1623355e-05,0.00017857412,0.00021609916,0.00015427744,0.003277827,0.1204867,0.0066988836,0.0009647627,0.00039907344,0.00032275822,0.00052374945,0.0009102039,0.0009836982,0.00066516607,0.0003298271,0.00032995513,0.0004888906,0.00030199406,0.00019622438,0.0008239508,0.002005244,0.005234214,0.006296415,0.0032999997,0.0026440986,0.008393882,0.008384512,0.0017615025,0.0006426892,0.00024418603,0.00031193226,0.00028791607,0.00347012,0.057295546
2,0.009573794,0.004351256,0.005042021,0.0034258298,0.0022467962,0.002406764,0.004485092,0.0065459157,0.0100648375,0.0074252477,0.001955198,0.0011661019,0.0007636099,0.0006920146,0.0016186077,0.0012664198,0.00071867125,0.0013777247,0.0037515948,0.009286903,0.025058137,0.02852712,0.011757924,0.010396965,0.009652185,0.022352591,0.17966893,0.44302824,0.005236931,0.0020512629,0.0010464744,0.00037876627,0.00020393054,0.00019759458,0.000281094,0.0003884992,0.00091795035,0.0013250804,0.00043377824,0.0002599633,0.00014816008,4.9749728e-05,8.4499035e-05,0.00012450987,0.000112846865,0.0003622373,0.000689015,0.00097356184,0.0042092414,0.0053282264,0.0021835868,0.001223468,0.00069671386,0.0011629215,0.021473518,0.32891575,0.003669166,0.001628748,0.00062080653,0.00021463566,0.00010155418,0.00017089755,0.00017975408,0.0003011479,0.0008534111,0.00073636574,0.0003777011,0.00044163063,0.0003228739,0.00012403491,8.307114e-05,0.00015195129,0.00018314972,0.00033240803,0.0005402602,0.00035281075,0.000458122,0.00030268586,0.00055237336,0.00054575346,0.0004746151,0.00082366506,0.011000299,0.28467315,0.0014655174,0.00035834592,0.00010323464,2.7219805e-05,1.4060893e-05,3.4536497e-05,5.476343e-05,0.00020131143,0.00042148828,0.00022299732,8.724113e-05,5.106445e-05,6.706679e-05,1.6023807e-05,1.1317666e-05,5.610433e-05,0.000121446894,0.0001717444,0.00013413347,9.5980155e-05,6.4504246e-05,4.11558e-05,0.00013170598,0.0001970542,0.00029312624,0.00080318685,0.006502828,0.16981432,0.0013313321,0.00023612367,5.5276032e-05,1.6755072e-05,8.166432e-06,1.3141939e-05,2.560487e-05,6.834474e-05,0.00024248079,0.00042745884,0.00025521877,0.000384455,0.0037870926,0.006572831,0.03108762,0.14546174,0.24803807,0.059177108,0.001212447,5.620426e-05,8.264711e-06,9.996118e-06,3.709766e-05,0.000106379455,0.00023228471,0.00074352213,0.0046966444,0.15287925,0.0011602422,0.00020918305,4.1325307e-05,9.3105655e-06,4.2006777e-06,1.5356085e-05,9.034713e-05,0.00034212638,0.0042697606,0.014834331,0.01027779,0.070145935,0.81704175,0.97590816,0.9864276,0.9676885,0.9590876,0.7685944,0.027493266,0.00020156305,1.1075693e-05,2.1333779e-05,0.00010276319,0.0002896299,0.00044545595,0.0010085718,0.004888838,0.15630764,0.0014310265,0.00041224775,5.7294033e-05,9.836931e-06,4.9024575e-06,3.7291396e-05,0.0024320115,0.035162978,0.46728808,0.65895396,0.84021026,0.9803365,0.99798393,0.99596137,0.9130889,0.13554665,0.07480676,0.19502214,0.17925563,0.048875444,0.0051084408,0.0033369197,0.004180918,0.009805608,0.005179408,0.0038006143,0.005150783,0.10043245,0.0019886694,0.0008406134,0.00020495217,5.6984376e-05,4.294605e-05,0.0010979207,0.21993971,0.8552673,0.99138206,0.9943817,0.9971706,0.9961443,0.97581327,0.87309957,0.06631173,0.00033870968,0.00062410557,0.016586192,0.5943797,0.8284512,0.33851725,0.08501346,0.011049216,0.012431556,0.0041488786,0.001325228,0.0007963721,0.023988,0.002434051,0.0011351012,0.0004770449,0.00033884632,0.0009179399,0.040810656,0.90113384,0.993782,0.9994936,0.99929035,0.9884829,0.6481819,0.049988735,0.006303767,0.00014222624,7.3992246e-06,4.480776e-05,0.001330491,0.3313329,0.8450279,0.27790016,0.032134272,0.0032210818,0.0016205166,0.00021267532,7.291265e-05,5.3947668e-05,0.0018642765,0.0021421604,0.00079498155,0.0004557825,0.0008181768,0.0032308747,0.08384845,0.973639,0.9994294,0.9998652,0.99681586,0.76179904,0.049396098,0.0034760842,0.0010454442,0.000283569,0.000191266,0.00015377061,0.000928254,0.29525843,0.7787227,0.06935945,0.002077995,0.00055928086,0.00073337334,0.00013974757,0.00013133339,6.787975e-05,0.0013193834,0.0018933006,0.00040808166,0.00036609537,0.00061247114,0.0020923982,0.024691919,0.9439463,0.99831486,0.9990375,0.99335194,0.8106845,0.1917922,0.0044809547,0.0012396525,0.003692667,0.012198544,0.0047654337,0.025184074,0.8206703,0.76039344,0.011376094,0.00033708758,0.00013427538,0.0002482377,0.0001873987,0.00022250164,0.00018460634,0.0033106771,0.0018596285,0.00054189615,0.00042379685,0.000620446,0.0018233602,0.0042216936,0.35066012,0.87829095,0.9905715,0.99878997,0.9961707,0.9458775,0.10684135,0.0046823914,0.0064099743,0.06585617,0.17975585,0.6418742,0.94744766,0.568181,0.0056965435,0.0007573222,0.00065796333,0.0008138923,0.00031224082,0.00022366212,0.0002141365,0.0037254267,0.002360523,0.00060455845,0.0003180969,0.00036577022,0.0003094076,0.00030032502,0.004663416,0.027903078,0.626591,0.9890667,0.99883455,0.9979519,0.99366426,0.9018717,0.50879306,0.9172035,0.98276454,0.9957426,0.99234796,0.4336807,0.003397221,0.0011031638,0.0014865191,0.002181919,0.0012691021,0.001538733,0.0019382337,0.014321094,0.0023269588,0.000522818,0.0003096909,0.00025440805,0.000121817575,0.00012309197,0.00026836054,0.00029498246,0.0026518193,0.20797971,0.9941545,0.99911636,0.9996939,0.9994306,0.99671835,0.9975986,0.99841404,0.99405575,0.86641717,0.043535735,0.00038895017,0.00050726096,0.00045183126,0.00045594265,0.00078257103,0.0020003496,0.004351762,0.026691994,0.0010145236,0.000216414,0.00018199901,0.00023026353,0.00011789143,0.00014535774,0.00020362744,9.631682e-05,0.00013660958,0.008994707,0.93755,0.99043745,0.9972978,0.99893934,0.9984174,0.99327564,0.99624604,0.98018515,0.15036692,0.00281406,0.00012460096,0.0001558863,9.00358e-05,7.730569e-05,0.00022777906,0.0008169701,0.0020642967,0.02748646,0.00070830487,0.00010118058,9.719202e-05,0.00012647844,6.330425e-05,5.7965488e-05,0.00010927045,4.756956e-05,6.437502e-05,0.0027082593,0.45568407,0.9693842,0.9984276,0.9973755,0.9881755,0.9755519,0.99779934,0.9984577,0.6685802,0.021527046,0.00056317996,0.00019927544,6.714166e-05,4.010509e-05,0.00014397252,0.0003274497,0.000706884,0.015662435,0.0008439906,0.00012366091,0.000102729486,0.00013588686,6.808e-05,5.408629e-05,0.0002538469,0.0003039061,0.00037408096,0.0060962504,0.20920774,0.94007057,0.99852633,0.98652214,0.5444223,0.2896551,0.97423065,0.9992828,0.976116,0.05766687,0.0005729566,0.00035017126,0.00012345648,7.9777084e-05,0.00017503934,0.00028678792,0.00058224285,0.011967964,0.0009363979,0.00012831004,8.192995e-05,0.000112631635,5.2535517e-05,5.413283e-05,0.00064106623,0.0011921291,0.0012838898,0.0128276115,0.092139564,0.8406315,0.9962482,0.9262691,0.055781323,0.006314748,0.3544249,0.99204576,0.98555726,0.10475147,0.0005735622,0.00054862536,0.000300064,0.00018129601,0.0002818881,0.00030500474,0.000519725,0.010815714,0.0018910421,0.00023747946,9.3822804e-05,0.00010999565,6.461747e-05,0.00012263365,0.0020176214,0.0043519107,0.0071381377,0.028617825,0.07927676,0.93741196,0.99492884,0.51609033,0.007827471,0.003243866,0.05346113,0.75632507,0.9683672,0.18277708,0.0009498983,0.0009248864,0.00033306595,0.00015043696,0.0001763524,0.00017139658,0.00034954472,0.00793159,0.0037448565,0.00059586606,0.00023869459,0.00027618502,0.0001821004,0.0001960912,0.0015447316,0.0032558243,0.0043183216,0.015767783,0.1850807,0.93913823,0.86978936,0.026465926,0.002786116,0.027175855,0.16104358,0.72297513,0.9723174,0.10852303,0.00044483598,0.00032102063,0.00012671178,8.895233e-05,0.000107741624,0.00011775774,0.00032764176,0.0072646243,0.0030520034,0.0004998656,0.00024908953,0.00020626663,0.00010403828,7.0660695e-05,0.00019400401,0.00036329313,0.0010796053,0.007951043,0.589902,0.9640492,0.16837572,0.0014746772,0.0036132778,0.1471322,0.59675205,0.94613904,0.9877214,0.31055167,0.0010682167,0.00030354355,0.00012951951,7.9674384e-05,7.858635e-05,7.850741e-05,0.00021953831,0.006269929,0.0033785014,0.00051861285,0.00025490165,0.00019041295,7.761896e-05,4.0993757e-05,4.7172885e-05,8.321553e-05,0.000360117,0.011433221,0.942237,0.9839311,0.07628874,0.00214369,0.021607697,0.44525623,0.9348753,0.9922955,0.9925875,0.551537,0.002518798,0.0003490995,0.00010339009,4.792188e-05,3.7672173e-05,4.732766e-05,0.00021836256,0.009027358,0.0031410377,0.00044216576,0.0002512589,0.00019063786,6.4405474e-05,6.0108036e-05,3.528205e-05,2.2353748e-05,6.359826e-05,0.002739533,0.942711,0.9908614,0.79234445,0.6469845,0.92859715,0.98200446,0.99836224,0.9989342,0.96479636,0.16187039,0.00086152065,0.00049019064,0.00024010522,7.636797e-05,6.693753e-05,9.020579e-05,0.0005610751,0.034349363,0.0023381575,0.00030684719,0.0001776677,9.7620126e-05,3.5700756e-05,9.116976e-05,3.2661006e-05,1.5327074e-05,4.4946937e-05,0.00034696635,0.44686362,0.9979144,0.9997485,0.99977845,0.99977034,0.9988386,0.9992035,0.997127,0.47999942,0.003469195,0.00033753747,0.0019523388,0.0006750237,0.00017631776,0.0001826527,0.00025410016,0.0014937957,0.07838371,0.0029695865,0.00052076764,0.0003089563,0.00013363735,5.7991092e-05,7.928307e-05,1.6245034e-05,1.3354774e-05,4.138012e-05,0.00012728179,0.052914135,0.9832561,0.99838746,0.99857736,0.9958689,0.9226051,0.80394804,0.12032205,0.0006476843,4.495628e-05,0.00012942062,0.00065750413,0.00029479407,0.00023387656,0.00022686918,0.00022893128,0.0011863156,0.082096316,0.0027604983,0.0006245798,0.00035138268,0.00013074873,5.3911102e-05,6.6603374e-05,4.9153838e-05,5.3844513e-05,6.796681e-05,0.0001850561,0.011308891,0.2033246,0.1417862,0.04407335,0.012236411,0.0021073632,0.00084143796,0.00024289147,2.8864135e-05,4.0717634e-05,0.00023290102,0.00018409168,0.00017698984,0.00035062272,0.00034649565,0.00036443872,0.0018419964,0.07779968,0.0015858617,0.00036167572,0.00016741137,9.6158525e-05,3.6989244e-05,3.527263e-05,7.345266e-05,7.979307e-05,8.7376255e-05,0.0007804281,0.008738657,0.007932015,0.00085158827,0.000120941746,4.661381e-05,5.4997257e-05,3.8939466e-05,4.525587e-05,4.525751e-05,7.299669e-05,0.00032356725,0.00022743727,0.00019131946,0.0002399226,0.00031777134,0.00039015413,0.0027699762,0.06617018,0.006023459,0.00066979334,0.00034556616,0.0002741921,0.00020341574,0.00021358105,0.0002595675,0.0002694766,0.00052248425,0.0030152374,0.008737179,0.0040292237,0.0008886191,0.0005980933,0.000708182,0.0022812313,0.0053961356,0.0052048503,0.0024377264,0.0014799837,0.0014032673,0.00072720373,0.0007167059,0.00066018535,0.0008938952,0.00085055915,0.0033494476,0.04778867
3,0.007883194,0.0028469095,0.004099616,0.008349546,0.007994659,0.004142542,0.003470656,0.003186113,0.0029696415,0.003664767,0.0028487376,0.0016705792,0.000910809,0.0007271292,0.001078734,0.002202718,0.0032859521,0.0032373203,0.004653204,0.0077878283,0.003999834,0.0022073467,0.0022869415,0.0022019467,0.004663307,0.013320996,0.10471714,0.29246426,0.006103738,0.0015354728,0.0007666489,0.001036967,0.0011509396,0.0006844641,0.00063438504,0.0005818063,0.0004660451,0.0005539855,0.0003747654,0.00028439643,0.00014269531,0.00010589658,0.00014996062,0.00040618918,0.00091225596,0.0008427165,0.0013578712,0.0012286485,0.00042449488,0.00032200673,0.00028308984,0.0003055184,0.0010471247,0.0011051882,0.0075647053,0.09912339,0.0047848267,0.0017387774,0.00053162215,0.0005984035,0.0007333558,0.00054161967,0.00037298191,0.0002758398,0.00020187753,0.00031498313,0.00032510713,0.00039293827,0.00030489426,0.00018248211,0.00013988008,0.00020658688,0.0002950415,0.00032999445,0.00046810936,0.0005917806,0.00060627906,0.0007085992,0.00048761352,0.00035404984,0.00049428415,0.0002495383,0.0040553818,0.1517838,0.0023308576,0.00074277574,0.00024062084,0.00019503114,0.00023848553,0.00021167735,0.000105492625,5.5746586e-05,3.0764302e-05,4.600588e-05,9.208815e-05,0.00011123788,7.661451e-05,2.6427613e-05,1.0736797e-05,1.6186532e-05,1.5690943e-05,3.560148e-05,0.000106463376,0.00035451137,0.0014250911,0.0011177575,0.00026865082,7.4677046e-05,4.6990644e-05,2.7445978e-05,0.0012242221,0.1286321,0.0035891233,0.0013663996,0.0003958519,0.00037505332,0.00059021375,0.00045482093,0.00023821942,5.5430697e-05,1.161382e-05,2.0538673e-05,0.00013078477,0.0006943352,0.0011304246,0.00040034956,9.951192e-05,4.588154e-05,3.4982597e-05,8.821371e-05,0.00034463496,0.0027626625,0.012731659,0.0039303396,0.00023289215,3.392027e-05,1.3391044e-05,6.5539857e-06,0.000703131,0.18508066,0.0026911192,0.001162833,0.00065598317,0.0010407175,0.0023341451,0.00086201046,0.00018786297,2.324983e-05,6.099024e-06,6.235426e-05,0.0005923996,0.0050848885,0.05852533,0.13083138,0.04447428,0.017756805,0.008416976,0.0021796508,0.0019836153,0.0075346436,0.024453558,0.009584199,0.0018750072,0.00022197484,1.0038342e-05,7.660171e-06,0.0015656116,0.23263057,0.0012898858,0.00041238102,0.0005154143,0.00095515116,0.0021614642,0.0013954219,0.00016339084,1.958041e-05,2.0299743e-05,0.0004094461,0.006845765,0.050624155,0.75439644,0.94351333,0.87192607,0.88604087,0.82879686,0.50098616,0.032623325,0.0041980897,0.009568452,0.055108238,0.35059762,0.060061313,8.337248e-05,1.9211238e-05,0.0024141439,0.10301332,0.0012674797,0.00042620604,0.00048259,0.00041198274,0.00041897013,0.0004068757,0.000108022476,3.3358087e-05,4.8972586e-05,0.0002504641,0.03024342,0.71745545,0.98112005,0.97853833,0.9260479,0.9196951,0.95434004,0.94712377,0.1474412,0.0063475077,0.015135667,0.19793358,0.91107535,0.79154986,0.0038766265,0.00030587253,0.0016399057,0.018679941,0.0011765396,0.00032169008,0.00027706195,8.956234e-05,3.581383e-05,7.1929855e-05,5.729753e-05,3.6607096e-05,0.00019905934,0.003062127,0.6719991,0.97122633,0.8526568,0.29377842,0.021489954,0.069052145,0.54655915,0.7157111,0.2199053,0.09998525,0.62797546,0.9590236,0.99062246,0.90271384,0.02624809,0.0020803567,0.00029740419,0.0010723583,0.0013985271,0.0003569332,0.0002701441,8.872723e-05,2.4966921e-05,7.073344e-05,5.6682497e-05,2.1645295e-05,0.0007072698,0.28600422,0.99558914,0.9488154,0.085619144,0.0053135008,0.00037684743,0.0032605133,0.11527318,0.3790106,0.5212204,0.75000083,0.98166305,0.99625045,0.99177927,0.68946433,0.011750258,0.0015580159,0.00014755961,0.0010468664,0.001573163,0.00043103495,0.0002786429,0.00012456058,2.6701844e-05,4.4278575e-05,4.8244878e-05,1.3449981e-05,0.0010750891,0.6931928,0.9959792,0.87819564,0.00864638,0.0013938978,0.0024535917,0.016985733,0.46239015,0.8938988,0.9901618,0.99372804,0.9947147,0.9659166,0.47484383,0.058207005,0.0012940493,0.00053679314,0.00018134424,0.0032805027,0.0015075324,0.00026378123,0.00018730975,0.00016792168,7.923885e-05,0.00036309886,0.00023259898,0.00014045762,0.0054154145,0.23272277,0.9801239,0.9823898,0.32810497,0.11274055,0.2810629,0.7667522,0.9871574,0.99637955,0.99676394,0.97699136,0.92877257,0.38913962,0.013863805,0.0025159398,0.00036871704,0.0004047164,0.00016351834,0.0023928075,0.0024596655,0.00042050003,0.00031148235,0.0004591829,0.0005107996,0.0013543286,0.0002502958,0.00014819202,0.00048276252,0.0015769514,0.69877404,0.9952408,0.9921427,0.99096525,0.9959758,0.99927264,0.9981785,0.976492,0.57208824,0.019378789,0.0035718514,0.0012822212,0.00026127725,9.647686e-05,0.00018880321,0.00085646514,0.00058034866,0.0071138334,0.0035944802,0.0006363974,0.00033389637,0.00043512587,0.00043352236,0.0005413378,0.00010079692,1.933357e-05,1.6424017e-05,0.00021153834,0.3004238,0.9487839,0.9910944,0.99911433,0.9997962,0.99970263,0.9957533,0.83614576,0.02819455,0.0012471041,0.00064748555,0.0015920079,0.0002827664,5.809953e-05,0.00016739142,0.0009917412,0.008482368,0.08150639,0.004786271,0.00090582756,0.0002300827,0.00032559878,0.00064253027,0.00086823734,0.0001346445,2.1656448e-05,2.6627084e-05,0.0005585611,0.20841642,0.8995563,0.99276525,0.99930704,0.9996081,0.9923597,0.9394773,0.5177183,0.0038753836,0.0011437301,0.0013415981,0.0022651798,0.0005400533,0.00013869352,0.00036470583,0.0017644126,0.07644106,0.54251385,0.005966536,0.0016927536,0.00023781047,0.0003639738,0.0013245719,0.0012581564,0.00057029806,0.00012502073,0.00015706889,0.001703676,0.39158496,0.9931978,0.9958534,0.9898629,0.96438694,0.5912918,0.50233716,0.15067272,0.005891468,0.0027888878,0.0007042694,0.00051799184,0.00017347747,7.793269e-05,0.0001431763,0.00049786776,0.030349968,0.37719283,0.0034514465,0.0009857322,0.00011585967,8.3525825e-05,0.00018538634,0.0008048843,0.009976993,0.01133223,0.017688148,0.47662127,0.98947525,0.9697176,0.6175181,0.17713286,0.015139827,0.022794943,0.41097856,0.5501227,0.16397172,0.01970758,0.0024380381,0.0016001094,0.00019012306,6.600681e-05,0.00010611532,0.00041132275,0.013078217,0.106617145,0.0027598785,0.0010276013,0.00010047908,2.0320062e-05,2.161452e-05,0.0003927119,0.112573884,0.6847735,0.93634,0.9984804,0.9957898,0.21264045,0.010083031,0.002413928,0.0005926837,0.013954563,0.35621718,0.8051372,0.83406734,0.06880846,0.002585536,0.0011436119,0.00013640172,7.107069e-05,0.00013596294,0.00023197223,0.0016059651,0.021171581,0.0028218476,0.0007895014,9.026859e-05,1.3995061e-05,2.0691386e-05,0.0015197231,0.5904109,0.9781261,0.99922144,0.99855644,0.7347566,0.042383,0.0014989704,0.00028221402,0.00037212452,0.0069705816,0.028931623,0.31829304,0.9129761,0.34175676,0.020121995,0.0019508296,0.00012536428,8.975043e-05,8.992665e-05,8.9714486e-05,0.00031835868,0.0047826883,0.0019872966,0.0006010838,8.449372e-05,1.689755e-05,2.674096e-05,0.0054701646,0.954191,0.999032,0.9999038,0.99171245,0.17472906,0.027932089,0.0006624635,0.00012443367,0.00015921934,0.0051647215,0.022155745,0.0962554,0.8314286,0.7596529,0.40408117,0.03211048,0.0004652406,6.694851e-05,5.5527304e-05,7.522632e-05,0.00032424973,0.006270595,0.002889706,0.0015348844,0.00032965295,5.2828054e-05,6.845779e-05,0.008381115,0.92785394,0.99850345,0.9996941,0.8820262,0.013433,0.002536824,0.00013991518,8.830578e-05,0.00017187331,0.005002408,0.02871334,0.12874061,0.94064415,0.98033,0.92064005,0.21384537,0.0011600322,6.497325e-05,4.7087353e-05,7.901958e-05,0.00042949867,0.011807338,0.0030223744,0.0012165351,0.00020711782,3.0514711e-05,4.8242066e-05,0.0021032707,0.40479878,0.9846346,0.9987569,0.82754904,0.023140348,0.0030344292,0.00035731398,0.0009811543,0.0016177855,0.008734647,0.06074259,0.5389546,0.9915639,0.989268,0.9236921,0.17524274,0.00068153115,7.3783456e-05,5.5606364e-05,0.00014306098,0.0007350522,0.018496886,0.0027078756,0.0009879976,9.767478e-05,4.0167484e-05,7.6223696e-05,0.00034940976,0.063016556,0.96277505,0.999091,0.99152666,0.7661666,0.14351186,0.037112486,0.15722664,0.41115952,0.73954403,0.9562442,0.9906482,0.99760914,0.99013454,0.90458184,0.1995044,0.0007120038,9.799768e-05,8.00277e-05,0.000119944976,0.00044864882,0.013565314,0.002080938,0.00055513723,0.000114748305,0.00010049796,0.00012504063,0.0003009602,0.00504977,0.24424033,0.963316,0.9917259,0.9965976,0.9941439,0.9722934,0.918583,0.9878318,0.99599934,0.9988463,0.9986778,0.97952634,0.82610744,0.28534725,0.013417431,0.00021427905,0.00016875328,0.00016486426,0.00018477399,0.00043070977,0.0135110775,0.0011950317,0.00025131064,7.0227274e-05,0.00012189507,0.0001529781,0.0001626441,0.00012004407,0.00019463786,0.0024276704,0.066672094,0.86031175,0.9964263,0.99674326,0.9344364,0.9385377,0.93761784,0.954307,0.83067673,0.14353152,0.009828338,0.00085109787,0.00015017267,6.169777e-05,0.00018764671,0.00027903292,0.0003351427,0.00061151426,0.02153044,0.0008444991,0.00019397073,0.00010039193,0.0003129134,0.0005426984,0.0004010356,3.288478e-05,8.880937e-06,1.8047482e-05,8.6278626e-05,0.005000972,0.1951835,0.63377315,0.13204111,0.022512559,0.008273762,0.0049609337,0.0029780678,0.00072833215,0.00042139407,0.00016220906,8.268169e-05,0.000118424025,0.0002741398,0.00035898722,0.00074402965,0.0037052315,0.060915865,0.0005594685,0.00014395907,0.00013037673,0.00032517285,0.00035150847,0.0008876514,0.00012865983,1.6770098e-05,1.4231724e-05,4.3173623e-05,0.00048015578,0.0025743858,0.0066460506,0.0014567759,0.00038497793,0.00018596102,7.7806755e-05,4.6999827e-05,2.441464e-05,5.0242805e-05,0.00011165819,7.7131175e-05,0.00017366944,0.00027156548,0.0006540583,0.0023343274,0.031030398,0.33802375,0.003640455,0.0006905168,0.0003009817,0.00040509793,0.00041696825,0.0010614197,0.0010066528,0.00028892086,0.00017552418,0.00037556066,0.0015886949,0.006846319,0.010843917,0.013013268,0.008544557,0.006401255,0.003967673,0.0015739136,0.0014802373,0.0026012522,0.003478892,0.0017007629,0.0014392752,0.0006534922,0.0022332973,0.0047060647,0.021647403,0.16112366
4,0.009309652,0.0030717785,0.0013878411,0.0010392497,0.0016165469,0.0020390314,0.0038770146,0.005477394,0.004700493,0.0024633973,0.0017919008,0.0018125053,0.0016362119,0.0027353961,0.0039365906,0.005519509,0.00519627,0.003005863,0.0019476088,0.0015999753,0.0027301954,0.0054160776,0.006124833,0.006915267,0.014286829,0.02564248,0.057574168,0.15673958,0.003988422,0.0008888663,0.00020850622,0.0001100565,0.00019037792,0.0001694521,0.00027208976,0.00048283706,0.00049109396,0.00025543568,0.00021076085,0.0002563325,0.00017434091,0.00027861237,0.00032218237,0.00032523362,0.00037785468,0.00024776807,0.00017792216,0.00016030748,0.00025265265,0.00050405937,0.0007226924,0.00064620766,0.0015255618,0.0028785914,0.009087394,0.080992594,0.0020398372,0.00057524606,0.0001558395,0.0001333858,0.000173991,0.000117111376,0.00016645092,0.00031090114,0.00033701365,0.00030073588,0.0002298435,0.000335693,0.00029116205,0.0002578321,0.00020633767,0.00012856086,0.00011602981,0.00014928878,0.00019847979,0.00027823035,0.00043442962,0.00033819908,0.0005334271,0.00049209304,0.0010112793,0.0013974473,0.008696918,0.17260443,0.0014800119,0.00033270955,6.405201e-05,4.154037e-05,4.002928e-05,3.1930278e-05,4.1045074e-05,6.424066e-05,7.4929354e-05,6.283382e-05,3.4237884e-05,6.675649e-05,0.00012833819,6.674777e-05,2.5310746e-05,1.3312926e-05,1.0558563e-05,1.9739757e-05,6.501447e-05,0.00014604462,0.00022475084,0.0001392153,0.00023914246,0.0003949288,0.0006751756,0.0007123312,0.007297746,0.20354217,0.0026112748,0.00054298714,6.4094835e-05,3.77374e-05,3.9208047e-05,3.591726e-05,5.9685528e-05,0.00010595557,0.00012407904,0.00010299619,0.0001286516,0.000384926,0.0015662318,0.0018674309,0.0005698661,9.804086e-05,5.0838706e-05,5.2616233e-05,7.9150195e-05,0.00019708165,0.0001829586,0.00011819399,0.00025778462,0.00038845107,0.00039714135,0.00043979095,0.005381014,0.22190417,0.0028413313,0.000497046,7.790661e-05,6.152269e-05,4.194253e-05,4.11977e-05,8.8480934e-05,0.00010711213,0.00016007363,0.0003758583,0.0029225172,0.012307276,0.046861835,0.33140504,0.44411913,0.157061,0.09140125,0.022151655,0.00198794,0.0012838935,0.0021421423,0.0015829253,0.0024742256,0.002857837,0.0009913048,0.00040733948,0.004069436,0.28558373,0.0025432946,0.00038868553,9.5610914e-05,8.57409e-05,5.1874442e-05,5.2309853e-05,9.250586e-05,5.4275806e-05,0.000113112765,0.002033417,0.09011002,0.26665616,0.665576,0.92561203,0.9884946,0.97540987,0.9813106,0.9700862,0.38146222,0.1811585,0.13567954,0.09584418,0.03767909,0.021765769,0.0016486384,0.0001546707,0.0018325215,0.17787606,0.003415576,0.0006464512,0.00015266088,0.0001036767,8.030711e-05,8.867065e-05,0.00011080701,3.8927177e-05,7.474402e-05,0.0057741688,0.57795376,0.95398223,0.9908502,0.98255646,0.9684983,0.8480727,0.9740182,0.9915652,0.900513,0.7184938,0.43121934,0.28693512,0.03254969,0.005805746,0.00026397547,2.2012293e-05,0.0004085949,0.10218997,0.004717131,0.0008553124,0.00029606692,0.00015555948,9.9614255e-05,0.000121206125,6.9618705e-05,1.1517981e-05,2.760034e-05,0.0035425643,0.76577586,0.9830536,0.94957495,0.50784194,0.02089288,0.003312262,0.07701468,0.7552252,0.93169653,0.88976353,0.5998959,0.08270974,0.0014846574,0.0002196916,2.0156627e-05,5.5718474e-06,0.00011646646,0.033019632,0.0034560717,0.00059108326,0.00031604918,0.00018829192,0.00012043011,0.00014376579,4.128135e-05,5.3606896e-06,1.8580236e-05,0.003766174,0.94706076,0.9858456,0.42654762,0.013455554,0.00011824449,0.00011286355,0.007249574,0.4596208,0.98668295,0.9075119,0.08496799,0.002701514,8.974059e-05,7.4846015e-05,4.18001e-05,4.117955e-05,0.0001409187,0.011730253,0.0023493078,0.00060651917,0.00039348967,0.00024833353,0.0002446822,0.00015186916,1.9041825e-05,3.873181e-06,1.2779037e-05,0.0016592164,0.9538505,0.9955439,0.55649096,0.025062468,0.00039530869,0.0032684729,0.49906328,0.97048616,0.9963347,0.6053286,0.0016997333,0.00019817759,4.7589296e-05,3.978928e-05,8.850921e-05,0.00014961211,0.00014798049,0.008993487,0.0016706995,0.00027199482,0.00034953523,0.0005199309,0.00065644976,0.00029430768,2.0482654e-05,6.179786e-06,1.537779e-05,0.00056804426,0.897789,0.9986039,0.9819666,0.81686276,0.2585803,0.74837774,0.9939268,0.9939266,0.8992023,0.14934625,0.003492555,0.0015058382,0.00047526864,0.0001680769,0.00017106139,0.000117477226,0.00020548655,0.010428712,0.000904542,0.00017279433,0.00048890576,0.0016472639,0.0028044025,0.0005436707,2.1963313e-05,1.5136796e-05,2.7948745e-05,0.0002472357,0.59116626,0.9980077,0.999087,0.99768484,0.9950256,0.99901795,0.9990734,0.9293439,0.039051995,0.0047057117,0.0024932837,0.004450957,0.0047364454,0.0042311857,0.0024637124,0.0007006166,0.0022765237,0.11878177,0.0010733007,0.00036787335,0.0015140373,0.003722844,0.0050073424,0.00065902557,4.0740284e-05,3.961229e-05,2.940365e-05,0.0001878773,0.08951337,0.95099896,0.9986595,0.9994443,0.9997929,0.9997048,0.99519426,0.60703593,0.0033167137,0.00087148976,0.00056184706,0.0009543361,0.004417961,0.0075818324,0.004730926,0.0025678326,0.014707358,0.28615642,0.0016176816,0.0004439466,0.0020203027,0.0028188545,0.0016150437,0.00027836676,2.7686703e-05,2.9100225e-05,2.8811444e-05,0.00032036606,0.045551382,0.76125443,0.996924,0.99963295,0.9996258,0.99456453,0.93517023,0.09220257,0.00014385505,0.00021910755,0.00024883982,0.00024990068,0.0026105398,0.010122229,0.011206856,0.010420561,0.042665437,0.25925335,0.0016797963,0.00056896324,0.0019772162,0.0014962899,0.0006845353,0.00024354893,3.205338e-05,2.8888753e-05,2.6785496e-05,0.00048796317,0.099133775,0.8096691,0.9962559,0.9977634,0.9911505,0.9792076,0.9775383,0.20068234,4.711439e-05,3.6697867e-05,7.841665e-05,0.00010376581,0.0015467745,0.0061722994,0.011160093,0.011580659,0.020456355,0.13460942,0.0038847253,0.0009861436,0.0018500349,0.0009010801,0.00037043355,0.00040084412,8.194221e-05,2.3027362e-05,9.021994e-06,0.00048833614,0.11764648,0.77049845,0.99657863,0.98529786,0.72126055,0.8594156,0.99612397,0.9612053,0.002859026,3.276492e-05,1.1116402e-05,3.7568672e-05,0.00061811844,0.0052232984,0.017046325,0.016239824,0.0040367013,0.008889898,0.00895608,0.0015614659,0.0020307822,0.0012227072,0.00037878664,0.00044249278,7.778954e-05,9.2663095e-06,5.7526813e-06,0.0005257244,0.07056388,0.76240873,0.99746823,0.97500426,0.09665874,0.049464814,0.9845724,0.9982272,0.20881741,0.00013841568,7.4280288e-06,7.2094605e-05,0.0011035206,0.011645407,0.03457418,0.014618363,0.0025414228,0.005091319,0.011863362,0.002522278,0.0040321467,0.004829988,0.0013735918,0.0007526579,7.8611316e-05,1.740902e-05,2.693663e-05,0.001645422,0.07861298,0.86163944,0.9974744,0.8774565,0.024296187,0.010452289,0.83866245,0.99724716,0.78729635,0.0011456346,3.8667888e-05,0.00032204358,0.0017811998,0.010570594,0.014367783,0.010253585,0.0042642863,0.008114433,0.010956941,0.002369528,0.0044059907,0.006692268,0.0020333033,0.00053387246,5.2579217e-05,2.4158437e-05,6.4560925e-05,0.0023985705,0.16363065,0.92403704,0.9928807,0.8294714,0.031103555,0.036038898,0.8173041,0.98989,0.97165686,0.037581857,0.0001399544,0.00017355158,0.00065900356,0.0026771263,0.0036630107,0.0057681277,0.004116985,0.011614691,0.006303758,0.0012027348,0.0027957058,0.0039814645,0.00076453347,0.00011794799,1.8304887e-05,2.3301262e-05,7.948989e-05,0.0017003694,0.34871286,0.96598554,0.99291503,0.84748054,0.024456508,0.02950939,0.6249001,0.99137646,0.9955498,0.21092813,0.00047854078,0.00030184005,0.00026198442,0.00023646318,0.00020038322,0.00036225733,0.00089256966,0.01145887,0.0037197694,0.00074476097,0.0016754103,0.001992468,0.0004352319,0.00013263621,3.648254e-05,5.0720308e-05,6.48385e-05,0.00048576758,0.35262477,0.99011105,0.99767286,0.8403426,0.03304098,0.06003568,0.7198763,0.9957575,0.9960813,0.4230309,0.011673496,0.0036943166,0.00022442665,3.9359882e-05,2.8476037e-05,0.00031902775,0.0012844335,0.017691255,0.0032690754,0.00056065945,0.0007009612,0.0008212822,0.000487502,0.0002604376,7.604952e-05,7.140152e-05,6.631679e-05,0.0001832362,0.13773139,0.9835084,0.9985019,0.97464573,0.7677218,0.908566,0.9964546,0.99964356,0.9964958,0.71161264,0.118417196,0.03127955,0.0003228939,5.5167504e-05,4.133741e-05,0.0001356568,0.00051700976,0.013263112,0.0024734735,0.00018630603,0.00016229384,0.00046446064,0.00066064607,0.0003040994,4.864759e-05,3.381708e-05,3.757222e-05,6.454867e-05,0.0057388702,0.6887226,0.99773526,0.9993531,0.9996189,0.99928445,0.99931455,0.9993986,0.9801481,0.13689198,0.023443146,0.021992706,0.00025786698,0.00013442052,8.592672e-05,4.4418946e-05,0.00011095366,0.0054877647,0.0024075783,0.00015520981,0.00011654355,0.0006942988,0.0018516558,0.0014901246,0.00040674716,5.6136283e-05,2.2665628e-05,3.6282898e-05,0.00066498324,0.057447392,0.9338344,0.99719405,0.9949728,0.9628585,0.8425625,0.3758177,0.04360022,0.0023283074,0.0011548158,0.0012353348,0.00010858998,0.00010195811,0.00011022381,9.321488e-05,0.0002688981,0.011256061,0.0025403183,0.00025990282,0.00012900712,0.00033283772,0.0006781038,0.0017539295,0.0030953018,0.0003770138,5.6598183e-05,6.16201e-05,0.00039547303,0.003717051,0.06664271,0.19801089,0.026487848,0.0063937167,0.002273145,0.00044171163,0.000314918,0.0006349143,0.0006505868,0.0002804697,7.762081e-05,7.2610135e-05,0.000118815726,0.00014504704,0.000919339,0.0247415,0.0013658745,0.00017688237,8.951649e-05,0.000116148825,0.00023181459,0.0019398419,0.0770209,0.056483287,0.003518134,0.0013238348,0.00041751235,0.00036890284,0.0007351961,0.0019620247,0.000591063,0.00021748261,8.950573e-05,3.9498784e-05,0.00010472247,0.00029590266,0.0004679766,0.00017255988,8.665064e-05,0.00011481298,0.00018779725,0.00025447403,0.0028407113,0.06269819,0.0027009887,0.00029559984,0.00032288686,0.0004388725,0.0010484293,0.0013884446,0.050697252,0.33461794,0.112587065,0.072762586,0.0033370908,0.00025543908,0.00018470352,0.00032650703,0.00040634547,0.00089212286,0.0015733067,0.00205212,0.0036743185,0.0035188475,0.0018379084,0.00049984775,0.0002967007,0.00042217513,0.00057634525,0.00052540726,0.0027261528,0.025104586
5,0.011021224,0.006722286,0.015865771,0.017302033,0.019610992,0.013281096,0.007562189,0.008106158,0.01533392,0.018584032,0.003105787,0.001212682,0.0019546864,0.0023503106,0.0029004093,0.0017069092,0.0012826364,0.0029696487,0.009044608,0.011804835,0.0045635747,0.0023743368,0.00092125183,0.0005003905,0.0016331839,0.014686098,0.30097705,0.8104783,0.007233117,0.0030564286,0.0026071921,0.0014347887,0.0018067507,0.0015348407,0.0006514694,0.0004023648,0.0007769375,0.0013052056,0.00026331688,0.00014233627,0.0002424045,0.00010218072,5.4750322e-05,7.392939e-05,6.1178915e-05,0.0002198345,0.0011322368,0.00089778873,0.00057921244,0.0003968897,0.00020104749,8.4282154e-05,0.00020847222,0.0014967859,0.037631277,0.6850803,0.004315489,0.0015230102,0.00081073376,0.00035845867,0.00029149815,0.0003558085,0.00020613728,0.00016905284,0.00022649548,0.00045004438,0.00026515726,0.00035441355,0.00047659673,0.000103883634,2.3263116e-05,5.294289e-05,5.8928035e-05,0.00012341564,0.00087334437,0.000863393,0.001754748,0.0013290858,0.0007125747,0.00029278663,0.0005001416,0.0015131349,0.02320341,0.6101679,0.0023108833,0.00047608887,0.00019201482,9.097209e-05,5.7531426e-05,6.589581e-05,5.6106153e-05,5.8401372e-05,5.8654656e-05,0.0001097056,0.00013674983,0.0001817507,0.00044529059,0.00022522168,0.00026616352,0.0014427478,0.0008683822,0.00046192014,0.00043098046,0.00024998482,0.000572141,0.0008148266,0.00036145802,0.00012594949,0.00021487524,0.00083374657,0.017499281,0.57356966,0.003731268,0.00062725565,0.00017237355,0.00010325905,6.4755644e-05,6.6288085e-05,8.3024424e-05,9.334484e-05,0.0001002576,0.00052861846,0.0024662425,0.01129556,0.17932671,0.5425682,0.92862606,0.9412134,0.6592312,0.11612708,0.0010558749,5.3729207e-05,6.647083e-05,0.00025669739,0.00015722384,5.10758e-05,0.00011474447,0.00042594527,0.009057583,0.4045349,0.004365685,0.0007282155,0.00018779383,0.00011441233,6.9139176e-05,0.0001248043,0.000119830875,9.4306546e-05,0.0001235355,0.0023242792,0.08327248,0.73039305,0.9967847,0.9992305,0.9973308,0.97040266,0.7683194,0.18739283,0.005745933,0.0002072875,5.5733406e-05,0.00042158837,0.00031741316,7.490199e-05,0.00020727744,0.00043348415,0.0063676606,0.26714283,0.0040356005,0.0007815273,0.00019446442,0.00013839932,0.00011506573,0.00018566336,0.00013461447,4.770307e-05,0.00013556641,0.0070556495,0.5268142,0.9828734,0.9993948,0.9943013,0.4211387,0.053734858,0.013179664,0.009167895,0.008607976,0.00069519464,7.264185e-05,0.0004118365,0.00018887721,8.537914e-05,0.00013210306,8.381129e-05,0.0013945133,0.11341702,0.0043725814,0.00093125744,0.00024199253,0.0002017663,0.00018977966,0.0002848822,0.00014375633,3.542622e-05,0.00019003116,0.014067106,0.8780338,0.9939407,0.9621211,0.53680515,0.010860136,0.0014274339,0.0021469267,0.002635479,0.01673323,0.009222632,0.0005850072,0.00014486308,3.0142108e-05,3.405949e-05,3.1330903e-05,1.9909661e-05,0.00026446168,0.026313871,0.0032588511,0.000882315,0.00034578107,0.00039812183,0.00059723714,0.0006763551,0.00020359714,2.341116e-05,6.1936815e-05,0.0053312243,0.7799688,0.91340715,0.09427472,0.0067918645,0.00011891298,6.26266e-05,0.0021755549,0.029030964,0.4154271,0.40112552,0.028539352,0.0009018178,0.00012514571,0.00015350559,7.079721e-05,5.271557e-05,0.00016359209,0.007914215,0.0030129035,0.000920475,0.0006044492,0.0009228939,0.0014942494,0.001078768,0.000170721,5.565459e-06,5.795262e-06,0.00083425915,0.61919534,0.94204783,0.16374911,0.0045957807,0.00015309878,0.00053570775,0.04087925,0.3535267,0.3894703,0.04405616,0.005174438,0.0012060307,0.0010038271,0.0015676738,0.00018027896,3.2623713e-05,4.01057e-05,0.004992871,0.0035895256,0.0012301151,0.0011385038,0.00086860347,0.00075879076,0.00066379947,5.0085655e-05,1.81682e-06,3.088649e-06,0.00022980844,0.3765044,0.98882574,0.91186535,0.17379364,0.0021168343,0.010179387,0.31305915,0.28084758,0.07137606,0.0027363354,0.0002576991,0.00030665944,0.005318125,0.022365022,0.000807743,8.156746e-05,8.272948e-05,0.004755229,0.0053638304,0.0024631806,0.0020373652,0.0008054813,0.0004484983,0.0004088328,3.3083325e-05,3.6544761e-06,8.578528e-06,9.3991344e-05,0.020971783,0.9295802,0.9984871,0.99092144,0.066033855,0.028683878,0.28738216,0.34970346,0.17113075,0.008747534,0.0007782777,0.0006345541,0.006719717,0.015312026,0.0010351706,0.00072944874,0.0010646392,0.0100784525,0.013750615,0.0050555975,0.002384245,0.0006866486,0.00027140317,0.00018798877,1.7518256e-05,2.6563387e-06,3.7681016e-06,2.8913835e-05,0.0031039745,0.6189795,0.99912184,0.9999057,0.97530305,0.21506591,0.52213544,0.80834705,0.73869187,0.40573436,0.06357426,0.016908554,0.0065860488,0.0050646216,0.0021662868,0.004462428,0.014908632,0.08566469,0.013301533,0.0030900943,0.0010261588,0.00034668532,0.00016317831,0.00014688256,2.7160064e-05,6.9076546e-06,9.322577e-06,0.00015805296,0.0090969745,0.13186695,0.981942,0.9999025,0.9984086,0.9193771,0.97648245,0.9790918,0.9797365,0.96583897,0.28270867,0.006423345,0.0008937342,0.0015560855,0.0013764774,0.008060657,0.08873892,0.28967592,0.009321705,0.001251315,0.00032344172,0.00016974787,9.890937e-05,0.00012964863,5.218773e-05,2.4430665e-05,4.3628443e-05,0.0008571877,0.023295483,0.16787603,0.9860372,0.99954295,0.99571085,0.97144496,0.99736816,0.9987897,0.99470806,0.792807,0.009377389,0.00029684667,7.946299e-05,0.0001136113,0.00017386065,0.0017292111,0.027800882,0.22684985,0.008426171,0.00070745894,0.00019160169,0.00015882844,7.850898e-05,9.050994e-05,5.5051674e-05,2.8887212e-05,3.056396e-05,0.0006250744,0.042955406,0.8110721,0.99637336,0.99106896,0.86196023,0.5914869,0.99509335,0.99910295,0.92787623,0.03892496,0.00032778332,0.00014223141,6.974169e-05,0.00012365913,0.0002500866,0.0007778173,0.0074035255,0.12569125,0.006400094,0.0006342657,0.00021026828,0.00022079068,8.646665e-05,0.00012432788,0.00013883285,5.0065744e-05,5.8360627e-05,0.0017304049,0.28732625,0.96109134,0.95450336,0.14830627,0.0028628444,0.016645625,0.95612395,0.993262,0.6025562,0.003502851,7.9900885e-05,4.9448056e-05,3.6998314e-05,8.2583036e-05,0.00017821096,0.00037877526,0.0031179078,0.10246591,0.0056962008,0.00058207725,0.0002111764,0.00024546706,8.2092694e-05,9.774775e-05,0.00011154434,4.5266534e-05,0.00013780921,0.00814428,0.8044376,0.96113175,0.2545273,0.0014957201,0.00014512922,0.0047597587,0.72922224,0.98607814,0.9179557,0.017046444,0.00010458765,0.00011325404,0.00012416413,8.769161e-05,0.00013970319,0.00027674093,0.0020274625,0.08634655,0.0041836365,0.00046391046,0.00021209657,0.00029232388,0.000108493194,6.866662e-05,9.520497e-05,0.00019017891,0.0019869392,0.057261117,0.87022376,0.94492227,0.049969025,0.00096315274,0.0021452287,0.021213416,0.34355187,0.9467237,0.9789185,0.09747127,0.00017993053,0.00019046543,0.00017451738,9.374143e-05,0.00013206742,0.00038194403,0.0041158786,0.12066953,0.0031839046,0.0005312433,0.00025023328,0.00029822587,0.00010610176,5.4171353e-05,0.00014614129,0.0016695498,0.049133897,0.3246145,0.9064391,0.96601194,0.13783854,0.016428618,0.043921653,0.035750996,0.18434261,0.8475534,0.98060215,0.20984937,0.00027668817,0.00016764044,8.821447e-05,3.3590833e-05,5.5139044e-05,0.00031743795,0.0051372102,0.15936583,0.0027304266,0.0006583848,0.00044040344,0.00047596163,0.0001591339,5.7824815e-05,0.00021409465,0.0069102915,0.2818632,0.6699187,0.8549266,0.84049314,0.05780235,0.037073135,0.13719547,0.08318189,0.46004814,0.9517846,0.9930996,0.5178104,0.0014906299,0.00059376017,0.00013537536,2.9475521e-05,3.4720568e-05,0.00016939298,0.0046679643,0.2517034,0.0020163436,0.00061505905,0.0005361545,0.0004741385,0.0002071101,4.218791e-05,6.608056e-05,0.0018428619,0.124078386,0.6862804,0.64135444,0.21989617,0.0080925785,0.027380915,0.12721123,0.10537495,0.8249007,0.99048764,0.99808216,0.8825446,0.03950514,0.005660518,0.00015571903,2.555703e-05,2.3690482e-05,0.00010871295,0.0050121653,0.30498716,0.0018216894,0.00057536224,0.0005269769,0.00030305661,0.00014315882,4.4848242e-05,5.2781976e-05,0.00032432296,0.009350328,0.26049474,0.88299257,0.7140012,0.1550151,0.62976885,0.8751841,0.8507462,0.99522334,0.9989182,0.9983121,0.9745714,0.42621118,0.054896265,0.00027298203,4.185107e-05,3.1582378e-05,7.226461e-05,0.005550959,0.43161577,0.0013043464,0.00035467028,0.00032390395,0.00020484217,0.00015424965,0.00016758498,0.00029813236,0.0012723093,0.009217445,0.08045587,0.9418639,0.994354,0.9865021,0.99360067,0.99787664,0.99609274,0.99871707,0.9970341,0.96765345,0.6971452,0.22048494,0.08720899,0.00041111335,5.091711e-05,4.0234456e-05,6.210354e-05,0.0045275055,0.43581605,0.0009228425,0.0002320939,0.00021039281,0.00017018447,0.0002244932,0.00026819707,0.00034940097,0.0010218313,0.0009461517,0.0020049748,0.1097471,0.89104295,0.9522892,0.96557313,0.9716106,0.84058315,0.7147641,0.09750912,0.008613805,0.0036947797,0.005951278,0.0102412235,0.00031018793,6.977496e-05,9.006388e-05,0.00016889302,0.0065980144,0.43028635,0.00043497968,6.294362e-05,8.903277e-05,0.000106610074,0.0001355124,0.00015918913,0.00020233191,0.00029090737,9.920058e-05,6.694876e-05,0.0003010084,0.0022225596,0.005796648,0.00870008,0.01299106,0.0025640554,0.0008400384,0.0003191619,0.00028881372,0.0011458151,0.003447696,0.001470268,0.00018029357,0.00010985215,0.00023543417,0.00069260306,0.025833847,0.65414906,0.00028432568,3.721576e-05,6.365554e-05,0.000102488106,0.00013629484,0.00016632908,0.0001647695,0.00015996653,6.280494e-05,4.107597e-05,4.242748e-05,6.752498e-05,9.423814e-05,0.00013402684,0.0002057987,0.00013282923,9.028417e-05,0.00012625985,0.00036274942,0.001780821,0.0051061558,0.0010439195,0.00036684723,0.00024324351,0.0007817322,0.003754565,0.13581814,0.825919,0.0025697153,0.0004192636,0.000383243,0.00024149881,0.00031186506,0.0003570586,0.00058523647,0.00061863346,0.00028686857,0.00030501693,0.0003432882,0.00029301087,0.00036683324,0.00080702134,0.0013760817,0.004860535,0.006709489,0.0049962075,0.0030392334,0.0047204453,0.013092239,0.005734576,0.0031557565,0.0022560367,0.0065110303,0.008076567,0.051675953,0.3582583
6,0.011780807,0.004256666,0.0033708324,0.003551024,0.0056254216,0.0059359744,0.00685111,0.006947272,0.006502476,0.0052273762,0.0024053804,0.0018578247,0.002587935,0.0053439555,0.004527082,0.0021214122,0.0017763883,0.0025069772,0.009326198,0.021217965,0.008288388,0.0036911392,0.0041919085,0.010328221,0.016097678,0.011317248,0.007638515,0.013541419,0.005558126,0.001580584,0.0005616591,0.0003847985,0.0004643923,0.00044306763,0.0004981305,0.0006890682,0.00065782043,0.00093377224,0.0011367027,0.00094727235,0.0015093115,0.0019035836,0.0010135715,0.0004451707,0.0002307068,0.00022811723,0.0006051833,0.0010161182,0.0007034654,0.00036051476,0.00038259052,0.00073859916,0.00088129746,0.00081202027,0.0006294219,0.003844275,0.0019636876,0.0008086359,0.00027398905,0.00022101353,0.00023105176,0.00024690264,0.00018801996,0.00024471182,0.00026467102,0.00047520225,0.0014506785,0.0014890096,0.0021453572,0.0020784244,0.0006501891,0.00039623852,0.00020735218,0.00024025132,0.0003347793,0.0002708686,0.00030763133,0.00013381486,0.00023807639,0.00036123325,0.0006275388,0.0009477956,0.0014182472,0.019120352,0.0006801523,0.00021738312,9.4630755e-05,7.866441e-05,8.817166e-05,9.312337e-05,4.6127614e-05,7.3237105e-05,7.50253e-05,0.0001523982,0.00039682534,0.000195325,0.00019143916,8.2256236e-05,3.5614077e-05,4.6132012e-05,7.96225e-05,0.0002679637,0.00016717083,8.572529e-05,0.00013875648,0.000100187164,0.00016747348,0.0002721733,0.000657045,0.0005309449,0.0013182535,0.030317971,0.0005706164,0.0001651966,8.7879795e-05,6.9634305e-05,8.501938e-05,0.00010001545,8.110256e-05,7.1421e-05,0.0001135539,0.00058348285,0.0018089759,0.0010945888,0.0013286504,0.0012446761,0.013675282,0.023820505,0.020043006,0.12086573,0.012777538,0.0013340102,0.0003388132,8.738926e-05,8.221483e-05,0.000114677525,0.00024434438,0.00019746649,0.0011637489,0.055574913,0.00064733624,0.00017235301,8.611103e-05,5.6149616e-05,5.8504276e-05,9.209474e-05,0.00012575976,0.00019096205,0.0015335287,0.006870272,0.022126816,0.10216505,0.28745237,0.63999856,0.9863896,0.9636785,0.70208484,0.8863194,0.50381213,0.032755543,0.0012185536,0.0001855717,0.00010670487,0.00016263573,0.0003282683,0.00026582775,0.0016121792,0.043311894,0.0009555257,0.00025081393,0.0002098903,0.00014035065,0.00028622305,0.0002941509,0.00044329494,0.005787543,0.1405099,0.48282292,0.81918496,0.9825852,0.99684155,0.9957047,0.9946279,0.921737,0.5901369,0.77991414,0.686104,0.11761374,0.0017112265,0.0004689101,0.00040292484,0.0016556547,0.001004871,0.0002125093,0.0005247154,0.0045015304,0.0014839196,0.0006362339,0.00052083767,0.0006350947,0.0026927525,0.0031203332,0.0057098856,0.0999536,0.86248505,0.9930633,0.99926144,0.9992712,0.99865204,0.98864615,0.66056067,0.046348944,0.057421092,0.1951666,0.31817636,0.28196123,0.007059389,0.00046274712,0.0013192225,0.016424773,0.0012940493,8.331176e-05,0.00012567788,0.0016655036,0.0020191704,0.0010133581,0.00085141585,0.001134859,0.002666962,0.002151761,0.0067270086,0.08096706,0.7682272,0.9915503,0.99916446,0.99545884,0.76260334,0.09863163,0.0014883066,0.0001038763,0.0011268777,0.002582115,0.0054093366,0.020609012,0.011390008,0.010398314,0.30447444,0.790072,0.014979515,0.00032422933,0.00013048381,0.001125126,0.0019147114,0.00071954087,0.0009000362,0.001116838,0.0017502375,0.0010394745,0.0014216697,0.0017458942,0.0129406005,0.47564012,0.9922431,0.9872541,0.31532368,0.011338605,0.00012441754,7.902756e-05,0.0035934506,0.0020002013,0.00080915313,0.0019415073,0.022415623,0.52419305,0.98498803,0.93925697,0.009921021,0.0005063781,9.510008e-05,0.0006285195,0.0024005065,0.0005747832,0.0004237274,0.00066288596,0.00052792154,0.00031136212,0.00016877003,3.4955785e-05,0.00013759165,0.01710911,0.96859545,0.9945879,0.9135979,0.3911124,0.0015531975,0.0011313758,0.041545775,0.029906562,0.032343403,0.09820988,0.8416651,0.9927295,0.99212897,0.43272558,0.00096081465,0.0002914748,7.420937e-05,0.00048972084,0.0032977029,0.00046951414,0.00019081062,0.00021809708,0.00012421198,6.5583925e-05,4.026359e-05,1.6087719e-05,2.5837895e-05,0.00059151975,0.4782477,0.99069196,0.99961674,0.99911326,0.23191918,0.010502511,0.036995236,0.09907541,0.681775,0.93782425,0.99416417,0.99465114,0.8894132,0.070250966,0.0005464223,0.00065046,0.00028363313,0.00096506334,0.0034912955,0.00046816358,0.00015159571,0.00013452901,8.718549e-05,5.6927398e-05,4.089442e-05,2.2830893e-05,2.1713211e-05,8.747514e-05,0.0136060575,0.82665914,0.99976414,0.99996066,0.9797023,0.1797414,0.28391454,0.78979427,0.9856582,0.99067444,0.9396728,0.4518321,0.019189851,0.0027287572,0.00016966357,0.00041898672,0.0005375007,0.0011625977,0.0039646477,0.00097163446,0.00019654664,0.00012640863,8.210295e-05,6.782566e-05,5.1211235e-05,1.9517713e-05,4.171691e-05,0.000311608,0.008628334,0.13065578,0.95852387,0.99945384,0.99739397,0.94210994,0.98424625,0.99593395,0.99005604,0.8545756,0.10456904,0.00863552,0.0006692889,0.00036018807,0.00033375286,0.00097023434,0.000531994,0.0008860949,0.0030385314,0.0012114794,0.00022365528,0.00012070776,0.0001330993,8.8301065e-05,5.8201673e-05,4.2143514e-05,0.00011774617,0.0017425027,0.020241188,0.04021273,0.629346,0.9939487,0.99931765,0.99823785,0.9988864,0.99493426,0.6547196,0.04302544,0.0013465899,0.0003123075,6.0382245e-05,4.9301616e-05,0.00023303852,0.0020233036,0.0012286765,0.0034752109,0.0019019789,0.0006250288,0.00018194297,0.00018643115,0.00026943986,0.000121931706,0.000102266014,6.514902e-05,9.916115e-05,0.004580519,0.026658932,0.06223515,0.8233582,0.9869602,0.99891543,0.99741554,0.9948778,0.87005675,0.05631614,0.0073449016,0.00043973434,0.00013298677,6.369033e-05,0.000112119335,0.0001331073,0.0005950456,0.0015977687,0.007512486,0.0014386559,0.00050477963,0.00024921613,0.0003511372,0.0006163089,0.0003199543,0.00010316054,2.6691838e-05,7.884472e-05,0.020103414,0.25013778,0.5982637,0.99520904,0.9902532,0.90829974,0.8616248,0.71167994,0.06978408,0.0047932724,0.0028451695,0.00071736524,0.00037279318,0.00030217087,0.0003808008,0.00018138332,0.00056031405,0.0042549022,0.030414319,0.0017040393,0.00047168284,0.00035474618,0.0004939161,0.0007292802,0.00035020514,9.014877e-05,3.756871e-05,0.0001110844,0.036981087,0.82219154,0.9681285,0.9929223,0.48371172,0.0914165,0.58684725,0.6079639,0.15000477,0.012056386,0.002868986,0.0025072957,0.002649597,0.0003829952,0.0001980059,0.00015149529,0.0003836859,0.0056949826,0.073043704,0.0019521799,0.0004068042,0.00028012792,0.00040526481,0.00029063568,0.00029054482,0.00013413603,2.9294017e-05,0.00011127226,0.019419393,0.93182176,0.99144167,0.7194556,0.014648149,0.050305158,0.7670666,0.9280337,0.39976865,0.010408575,0.002350579,0.0033732234,0.0032983657,0.00014054457,0.00011720812,0.00015022824,0.00017390624,0.0038738598,0.054108825,0.0019476875,0.0003495962,0.00019625918,0.00020321761,7.388273e-05,0.00010365593,4.7650552e-05,2.8768833e-05,0.0008127027,0.0604537,0.94618034,0.9863318,0.24509245,0.013503281,0.12673494,0.8782906,0.9917567,0.71012336,0.011781551,0.003826388,0.0027307083,0.0012660704,0.00010829226,0.00012752002,0.0001566162,0.00013484893,0.0017863944,0.026768873,0.0010704716,0.00015892356,9.5243195e-05,6.3511114e-05,1.5653308e-05,2.9276589e-05,2.5936472e-05,6.23708e-05,0.0041201827,0.28119886,0.9158669,0.41898602,0.008737662,0.0066032205,0.09388614,0.74126065,0.98886126,0.9238153,0.109406084,0.01917893,0.004432997,0.0010279279,0.00011374789,0.00012154606,0.00011146576,9.653916e-05,0.0005617536,0.009129079,0.0012945185,0.0002841772,0.00014939814,7.8130106e-05,3.085103e-05,0.000113418515,7.466011e-05,5.5791475e-05,0.0028257014,0.3450707,0.84675074,0.058997147,0.0029065663,0.0589392,0.5139102,0.69917005,0.9619749,0.8738632,0.2508541,0.053388692,0.0050721215,0.0008012231,0.00014732158,0.0001331775,9.3228395e-05,0.000107554384,0.0006374594,0.011533721,0.0021558756,0.00041044454,0.00021712914,0.00023356524,0.00015880133,0.00022230315,0.00012680497,6.6190805e-05,0.0012046489,0.15659958,0.9406302,0.77615005,0.28934214,0.7787309,0.976438,0.9858131,0.9956185,0.9850075,0.92704624,0.76288337,0.049933124,0.0034120134,0.0006802349,0.00027152948,0.00011745404,0.00012277278,0.0008067968,0.027579727,0.0017705011,0.00023036807,0.000121152065,0.0002719842,0.00021604558,0.00016216793,0.00015897768,0.0004300927,0.0016179173,0.016942276,0.947138,0.9986204,0.99487203,0.99220806,0.9977393,0.99505264,0.99650013,0.98757404,0.9211019,0.72196096,0.038599025,0.0020214845,0.000412494,0.0002454151,0.0001257154,0.00016439286,0.0012121928,0.0454137,0.0033845278,0.0006691767,0.00040828207,0.0008042591,0.00074228394,0.00022644862,0.00013599782,0.00056222983,0.000541969,0.0009132974,0.16249385,0.96608514,0.9616001,0.9248271,0.9184321,0.7172003,0.7813016,0.22175734,0.015823187,0.0051360945,0.0011621382,0.0004815926,0.00035196115,0.00040558807,0.00041759072,0.00061074627,0.0026738083,0.0757981,0.0034351642,0.00079764647,0.00043101556,0.0010496911,0.0010210708,0.00030687056,0.00014755511,0.000116597694,9.9399535e-05,0.00016303819,0.0010517336,0.003546106,0.0036154997,0.0017885887,0.0014588645,0.003263338,0.011781978,0.003552077,0.0006153062,0.00066870777,0.0004320372,0.00033878104,0.0003996011,0.0004130847,0.0006432057,0.0011256519,0.00596184,0.10885155,0.0018662979,0.00039631862,0.00017656978,0.00047375972,0.0006380645,0.00046544572,0.00018653143,4.3755437e-05,2.5557933e-05,5.8664056e-05,9.052288e-05,7.2544724e-05,4.8558555e-05,3.6664394e-05,4.3692435e-05,0.00013048855,0.0008420868,0.00061612035,0.00030301762,0.0003794439,0.0003405715,0.00029629815,0.00029645357,0.000201208,0.0003262071,0.0006247852,0.009797218,0.20227632,0.0037670508,0.00046040464,0.00041627858,0.0007650415,0.0010982455,0.0007219737,0.0007219042,0.00042823557,0.00010338546,0.00014978768,0.00026527685,0.00032607466,0.00043264258,0.0009535432,0.0015706412,0.0035059582,0.005838109,0.0015542065,0.0005231169,0.0003334415,0.0004509234,0.00059926364,0.00057464046,0.0004020891,0.00058706943,0.0007696409,0.0056086215,0.0509577
7,0.011887254,0.008242156,0.017220724,0.01375445,0.0050566336,0.0028850671,0.0032252974,0.00509993,0.007380546,0.004930861,0.004657572,0.003876683,0.0018951163,0.0024800876,0.0056290664,0.013727502,0.037398137,0.022418989,0.006535951,0.004577446,0.003052073,0.0032354835,0.004913221,0.006649385,0.008819658,0.007280053,0.043591704,0.35216287,0.008150472,0.0043317075,0.00349513,0.0016705443,0.00051669934,0.0003116279,0.00044191023,0.0008396839,0.0015549052,0.00083919876,0.00062063197,0.00048887986,0.00017045342,0.00044139178,0.0018552409,0.0026663633,0.008514265,0.0038786707,0.0005924846,0.00020015064,0.0001775952,0.0003602581,0.000548197,0.0007679368,0.0013838566,0.00066424755,0.003998035,0.16562352,0.0046541602,0.0018406354,0.0005370393,0.0002988857,0.0001376162,0.00018338196,0.00026885993,0.00035510163,0.0005618358,0.0004058807,0.00029179428,0.0005501906,0.00039044287,0.00042890743,0.0010232711,0.0006221855,0.0005844393,0.00038741797,0.00015781066,0.00010811119,0.00015521796,0.0003731058,0.001845423,0.0033316475,0.0038539793,0.0014883846,0.0049583763,0.11112006,0.0020263735,0.0004244403,5.8047524e-05,2.559679e-05,2.3034543e-05,8.2066785e-05,0.00013822218,0.00018529798,0.0001859495,7.7940196e-05,3.7895614e-05,6.30633e-05,0.00012147735,8.943321e-05,0.00042802052,0.0007381879,0.000107412634,6.566146e-05,0.0001200317,0.00030863922,0.00027895736,0.000628118,0.008419002,0.010260996,0.00701388,0.001757463,0.0022385248,0.033453796,0.0034904017,0.000510728,3.4150362e-05,1.6383048e-05,1.8638908e-05,5.933289e-05,0.00033738947,0.0004379235,0.0003777544,0.00011467227,6.459874e-05,0.0003058486,0.003499123,0.011459826,0.04271672,0.0073517114,0.00010119004,4.5198252e-05,0.00013252976,0.0008671952,0.0018716849,0.0075891623,0.05265086,0.04623318,0.009451095,0.0017058216,0.0018278611,0.024993157,0.0034938164,0.0004965149,3.7053924e-05,1.7742323e-05,2.2334742e-05,0.00010411023,0.0020338472,0.003231973,0.004143146,0.002893213,0.0018734969,0.01940151,0.49475053,0.85893464,0.794102,0.145318,0.0042354953,0.0031561418,0.0014025685,0.0019152274,0.013280309,0.03419201,0.038125027,0.012077185,0.0017186711,0.0005683589,0.001302511,0.025833113,0.001880728,0.00058973895,0.00010998705,2.070864e-05,4.106587e-05,0.00055924966,0.030836847,0.17497467,0.6970941,0.84202063,0.82639384,0.8780812,0.98275787,0.9660313,0.872058,0.67965114,0.2216789,0.5386455,0.107630916,0.017656112,0.027876897,0.018506499,0.0024837898,0.00048723991,0.00026440193,0.00032288223,0.0018563662,0.046654187,0.0016252649,0.0008730423,0.0001915624,5.5693454e-05,0.00013790283,0.003337102,0.43813354,0.9430706,0.9975936,0.9986589,0.9979202,0.9877176,0.9662792,0.91309994,0.86954886,0.852272,0.6096563,0.9386084,0.5016958,0.03382314,0.013349412,0.0011438521,0.00020274421,0.00014051897,0.00013626757,0.00042955557,0.006994042,0.22006379,0.0014226718,0.00059996627,0.00018723457,9.305964e-05,0.00046773982,0.028667767,0.9491136,0.9964373,0.9986696,0.996507,0.9803899,0.7093922,0.17036207,0.22382526,0.37133336,0.47410113,0.302525,0.35689554,0.031457722,0.009295972,0.020951565,0.009833467,0.013274012,0.012362511,0.003962231,0.0030249502,0.030502766,0.47883987,0.001620893,0.0004252523,0.00010778211,5.407499e-05,0.00061869365,0.09746359,0.9956974,0.99953246,0.99881905,0.98091394,0.7497564,0.14889547,0.013952102,0.009275144,0.022175238,0.04668012,0.01088046,0.011688822,0.01279635,0.063317075,0.34656155,0.65749234,0.6889249,0.4655524,0.05414759,0.0127186235,0.09824581,0.5626873,0.0060180826,0.0012261712,0.0002551363,0.00018084813,0.0036159907,0.19102342,0.99617565,0.9993808,0.995887,0.9591606,0.27192405,0.016823448,0.0014297025,0.00064106344,0.006155092,0.065875046,0.013994623,0.026374785,0.45192719,0.9178941,0.9906425,0.98867655,0.84086734,0.18512954,0.009069845,0.0053899153,0.04625516,0.42297646,0.012287688,0.004575545,0.0014492306,0.00090954895,0.0068440177,0.03690083,0.95051223,0.997999,0.9984555,0.9956508,0.4275215,0.006489441,0.00030458716,0.00021946778,0.0036108887,0.2558215,0.5273477,0.41665074,0.94031274,0.9962424,0.9990344,0.9889826,0.23932983,0.005970185,0.001224126,0.0022960794,0.008818303,0.14240351,0.006644215,0.0021522883,0.00067670323,0.0002019969,0.00015364662,0.0002945564,0.06302307,0.9191628,0.99883586,0.999161,0.95552486,0.19655022,0.004989229,0.0018172882,0.007877601,0.5176897,0.96006846,0.99159884,0.9990356,0.99683255,0.93591094,0.07065485,0.00017518243,1.9676794e-05,6.0886567e-05,0.000334793,0.0020254962,0.08120439,0.0037082303,0.0009536807,0.0009610752,0.00035603548,9.9258024e-05,8.912758e-05,0.00065136474,0.033061236,0.8558351,0.99262345,0.998841,0.9917691,0.48548415,0.09394851,0.22676425,0.89544445,0.9913489,0.99818593,0.9951037,0.78711545,0.04474039,0.0011647902,2.6565933e-05,8.153685e-06,3.7513288e-05,0.00019326346,0.002888037,0.12546824,0.0022813312,0.0006407055,0.0009868278,0.0009484487,0.00031750454,0.0001026302,0.00010075637,0.00044774247,0.006599665,0.22584228,0.99492764,0.9995478,0.9953739,0.93313026,0.9214976,0.9881842,0.9953635,0.9339008,0.06832554,0.003884921,0.00039250436,0.00028228963,7.023417e-05,1.7965538e-05,5.125726e-05,0.00030731823,0.0101043135,0.3273595,0.00221595,0.0004190834,0.00041378365,0.00032753244,0.00012615757,9.861046e-05,5.3935786e-05,4.8518235e-05,0.00012189449,0.0006659571,0.25218529,0.99248534,0.9994418,0.99844486,0.99458283,0.97150046,0.82798797,0.069710284,0.00039546264,0.0002934814,0.0002780294,0.0006949204,0.00017419817,2.121859e-05,3.2586897e-05,0.00020158246,0.011729236,0.45907822,0.002845689,0.0008474046,0.0012414242,0.001129274,0.0005839284,0.00035290208,5.953642e-05,1.17219315e-05,8.796913e-06,2.5843514e-05,0.0033171296,0.5015918,0.9905652,0.9986094,0.9957086,0.79370487,0.2843713,0.011336188,0.00011433763,9.378926e-05,0.0001770344,0.0027574152,0.0020185537,0.0002635658,0.00021279359,0.0004263086,0.012089144,0.42945668,0.004772613,0.0023514738,0.004586726,0.0064633153,0.0038730137,0.0011427456,9.234211e-05,9.310688e-06,5.8238506e-06,0.00010753552,0.008318831,0.15327841,0.96185505,0.9852917,0.82232034,0.5950698,0.67072505,0.12416402,0.00037274836,1.7810677e-05,2.6810721e-05,0.0010548051,0.0016051602,0.0003744706,0.00034631533,0.00069110666,0.014622814,0.37392104,0.0059294896,0.0028364814,0.007946117,0.01086572,0.0029899406,0.0012000272,9.095223e-05,2.363427e-05,4.523603e-05,0.0011857095,0.05358633,0.41224164,0.9884552,0.9723022,0.35508502,0.31793112,0.88760525,0.6887334,0.0023781836,4.342691e-05,2.674448e-05,0.00040869502,0.00062492344,0.00022178233,0.00026931992,0.00078595243,0.01744802,0.37790874,0.00755116,0.002563259,0.0041809455,0.0033749375,0.0005924205,0.00025371092,3.875479e-05,1.6153086e-05,2.509719e-05,0.0006869517,0.2277363,0.92249024,0.9954346,0.9718312,0.14275694,0.15237382,0.96514076,0.9324317,0.014218033,0.00018882501,2.6883097e-05,0.00022803331,0.00043996662,0.00013756187,0.00015786664,0.00087695674,0.042299684,0.49628347,0.008476675,0.0021161847,0.001260251,0.00073019677,0.00014966777,7.582981e-05,3.0408883e-05,2.7002448e-05,5.3273907e-05,0.0015427133,0.78667986,0.98786515,0.9781039,0.6224428,0.038415223,0.3388489,0.9867574,0.9882631,0.18064508,0.0020665613,0.00027593737,0.00085687416,0.00039827343,8.133879e-05,0.00012326722,0.0011615825,0.13162424,0.6650902,0.008170383,0.0019748954,0.0004699306,0.00024875748,7.153053e-05,7.029079e-05,4.5130677e-05,3.0955234e-05,4.676163e-05,0.00072584115,0.8935651,0.99648345,0.9478785,0.8217224,0.6947886,0.9258164,0.99609756,0.9913244,0.52954704,0.023202635,0.001291372,0.00092117605,0.0002750994,7.9740814e-05,0.0001300415,0.0009817396,0.096951135,0.6835347,0.006669484,0.0014170293,0.00018404481,0.00012721663,8.997907e-05,0.00013301364,0.00010594103,4.2115073e-05,4.1099913e-05,0.0004877441,0.8567053,0.99710053,0.99214476,0.9906955,0.9877043,0.9897002,0.99830484,0.9876128,0.29625005,0.017126631,0.0007364808,0.00049674854,0.00022401423,8.932113e-05,0.00013500692,0.0006105766,0.016620511,0.21298562,0.0039179265,0.00052994984,7.427054e-05,0.00011000184,0.00011414447,0.00011842052,7.964058e-05,3.7468493e-05,4.9932718e-05,0.00022534178,0.11350151,0.9871133,0.99943644,0.9991301,0.99745077,0.9817106,0.96113926,0.49877736,0.015276895,0.0031152451,0.00026940028,0.00040175382,0.00030645015,0.0002402181,0.0005164709,0.0008711959,0.004635052,0.06150003,0.006156262,0.001205817,0.00013881366,0.00019792777,0.00020768121,0.0002310707,0.00033870325,9.857971e-05,5.4361582e-05,8.290488e-05,0.0031944213,0.67632407,0.97656405,0.95965093,0.8798987,0.27571577,0.031661697,0.0011567203,0.00035894,0.00051054836,0.00016729311,0.00021710058,0.000120981655,0.00013142459,0.00024999384,0.00026570156,0.0014123181,0.021458788,0.010004999,0.0022490334,0.00019060697,0.00018634814,0.00018992394,0.00035040636,0.0023054236,0.00074806466,0.00018021297,0.00013225128,0.0005261462,0.003786526,0.0045305197,0.0023643326,0.0014086732,0.00054619525,0.00019354303,0.000113110815,0.00012641611,0.00039412788,0.00035790587,0.00026193375,0.0001593676,0.00014211699,0.00025320778,0.00021127186,0.0010219081,0.014761171,0.012859128,0.002507811,0.00016746293,0.00013326896,0.00019719593,0.00044278582,0.005811545,0.0043147905,0.00028541018,0.00012764338,0.0001080066,6.286402e-05,2.9204142e-05,6.070336e-05,5.0091247e-05,5.0338964e-05,0.00013997455,0.0001582066,0.00028288667,0.0011166353,0.0007419915,0.00033803552,0.00024315495,0.00018494374,0.00023895418,0.00020270942,0.0011737657,0.017234683,0.019535042,0.0031008155,0.00045783498,0.0003685371,0.0006560197,0.00041917054,0.002397399,0.006166996,0.000594289,0.00035362176,0.00032273913,0.00014275232,0.000120029305,0.00059349544,0.0011577598,0.002866188,0.0058463626,0.0012868238,0.0010528769,0.0017578354,0.00090846414,0.00046071477,0.00028785542,0.0002003882,0.00022744593,0.00023987913,0.0009882875,0.0066901976
8,0.0067383577,0.00308962,0.004424621,0.0057331817,0.0065760105,0.0054217624,0.0029608433,0.0025536169,0.0036106366,0.0057036057,0.012375029,0.031741027,0.033009,0.020310614,0.022744413,0.026456747,0.05349772,0.045389377,0.008025079,0.0020762724,0.0019983943,0.003111958,0.004299429,0.0069533666,0.004349222,0.0018496009,0.0052420585,0.067344144,0.0041258647,0.0012277314,0.0007359508,0.00048851303,0.0006821819,0.0006951022,0.0004235285,0.00043352504,0.000682658,0.0015591335,0.0021184112,0.0061945077,0.012944505,0.010946028,0.012087414,0.0073316577,0.0054555605,0.003792816,0.0009938055,0.00024489293,0.00021351752,0.0003805337,0.00057350815,0.00082464714,0.0004545828,0.000101322126,0.00027703212,0.014663476,0.0020669017,0.0009068435,0.00041549833,0.00025450607,0.00035760793,0.00032566924,0.00026008327,0.0002456237,0.00044649962,0.0010404539,0.00079624535,0.0010761245,0.0017768381,0.0018297047,0.002403219,0.0011889882,0.0004309743,0.0005322636,0.000362994,0.0003233326,0.00032245248,0.00023674809,0.00026930735,0.00019356611,0.00011613642,0.00010522237,0.0006358011,0.017488308,0.0009745206,0.00021103934,8.4221654e-05,8.00457e-05,0.00011301216,0.000100808255,6.725418e-05,4.5474775e-05,5.5276825e-05,0.00010364813,9.221152e-05,0.00012363626,0.00017237618,0.0004105496,0.00040629416,0.00012800624,8.794661e-05,6.09625e-05,7.766509e-05,0.00013055289,0.00012485,0.00013565201,0.00015471173,7.72782e-05,2.9669405e-05,5.5188393e-05,0.0006210157,0.012086263,0.0013273882,0.00028530488,0.00011758527,9.133151e-05,0.00012934893,8.503528e-05,4.8742e-05,2.0067037e-05,1.0455925e-05,1.6413433e-05,1.3950116e-05,2.0609677e-05,6.1457424e-05,0.00031627223,0.00037290208,0.0001338834,0.00013699729,0.00017090455,0.004913475,0.10800191,0.11450791,0.009186682,0.0004892915,0.00020038933,3.0940806e-05,5.31322e-05,0.0008205875,0.015684808,0.0021517947,0.0006439691,0.00020885182,0.000104391765,0.00013771649,8.370579e-05,3.2344567e-05,1.2896828e-05,8.977869e-06,1.054893e-05,1.4318771e-05,4.9249367e-05,0.00022313237,0.0009623988,0.0030978203,0.008214183,0.025641605,0.08223477,0.7993685,0.9898925,0.959235,0.040063437,0.00017992005,7.3939256e-05,3.306667e-05,0.000106737636,0.0008518732,0.013814925,0.0025114862,0.00062624906,0.00016697997,0.00010382471,0.00012831653,0.00015715534,7.047046e-05,3.590626e-05,2.917784e-05,7.2442206e-05,0.00075985084,0.0049077338,0.020185905,0.112134956,0.71987695,0.9514707,0.99329233,0.994848,0.9967444,0.9941267,0.904025,0.043950498,0.00011430111,2.5303989e-05,2.5902757e-05,0.00010458247,0.0008331823,0.03005236,0.002198419,0.0005155941,0.00013720345,8.695409e-05,0.00010131313,0.00015310067,0.0005363932,0.0011275826,0.0011297549,0.008493945,0.15741247,0.62821156,0.9193512,0.98145676,0.99825555,0.9988581,0.99895406,0.9928349,0.967272,0.7593068,0.18688627,0.017860789,0.00018084039,8.868722e-05,6.138128e-05,0.00010931004,0.0014411927,0.09789378,0.0020873265,0.00052522175,0.00016702297,0.00011171496,0.00014763491,0.00020740594,0.002501135,0.032002028,0.122802496,0.66098225,0.9649734,0.99429756,0.9977592,0.9916841,0.98589283,0.9734629,0.91217464,0.57720673,0.34495384,0.052938353,0.0026167699,0.00021152906,9.182282e-06,1.5624717e-05,3.818382e-05,8.673215e-05,0.0028805195,0.2743966,0.0017201583,0.00040252632,0.0001482634,0.00010797952,0.000119586715,0.0001759785,0.0038983172,0.2612715,0.8976219,0.99273175,0.99898237,0.9969081,0.9505199,0.45912802,0.30949757,0.47550833,0.49347076,0.25430635,0.2975775,0.18367422,0.010582954,0.00023579768,3.4303537e-06,5.307242e-06,1.8780973e-05,0.00021604353,0.047796678,0.5823537,0.0015460096,0.0004463462,0.00014187639,8.865974e-05,0.00010015469,0.00017478349,0.0090643875,0.67217827,0.99536574,0.9995254,0.9988894,0.92597526,0.11704255,0.018535966,0.021061366,0.11465522,0.16985385,0.034359988,0.16114442,0.56509393,0.29017207,0.010514362,5.9524384e-05,2.2157046e-05,2.0849691e-05,0.0006502198,0.10170124,0.2202006,0.0022036384,0.000587853,0.0001587093,0.000101287056,0.000110295514,0.00018178206,0.008247034,0.77366227,0.9989813,0.9996604,0.98467875,0.14588557,0.0042014318,0.0072626094,0.047453444,0.33690375,0.5720486,0.5020922,0.8592165,0.9698001,0.96736276,0.37020323,0.0017859176,0.00011444322,2.3961344e-05,0.0002997709,0.0058713504,0.009917851,0.004398219,0.0009703102,0.00018417876,0.00015359475,0.0001313086,0.000114509465,0.0021129227,0.42187798,0.99850804,0.9995597,0.9933844,0.42184713,0.006264946,0.012207931,0.27437225,0.86615676,0.9779679,0.9925328,0.9951816,0.997477,0.99629825,0.96771437,0.3872844,0.027161576,0.0011723841,0.0004685855,0.00034537897,0.0006915643,0.004863594,0.0009961042,0.000229693,0.0002487449,0.0002166909,0.00040582826,0.0018728782,0.0112284245,0.7228921,0.9971047,0.9997831,0.99339277,0.3071829,0.33636117,0.9584115,0.9964747,0.9987581,0.99538994,0.99031186,0.99618137,0.99165404,0.97156256,0.623173,0.081629716,0.004472756,0.0007436876,0.0001053747,0.00078487094,0.0048060636,0.00074321544,0.00022257927,0.00015214643,0.00012542719,0.00087231566,0.0013156753,0.00020604295,0.0018139189,0.38083643,0.99844605,0.99917907,0.95066464,0.94140524,0.99662495,0.9977081,0.99912053,0.99863666,0.9944629,0.9928483,0.91772383,0.23593743,0.00454622,0.0011242663,0.0004801377,0.00029085772,6.281272e-05,0.00082598766,0.0050606057,0.001213941,0.00031072632,0.00014540806,6.422987e-05,0.0002141563,0.00022638947,4.378219e-05,6.024737e-05,0.00047671422,0.55612606,0.99745613,0.99506783,0.9959895,0.9894058,0.7917,0.95411104,0.9894559,0.99497175,0.979783,0.428276,0.012339395,0.00038533777,0.0009056869,0.0010458007,0.0011276638,0.00021682441,0.0007813606,0.004952496,0.001343497,0.00029912687,6.96185e-05,1.765257e-05,3.067159e-05,0.00010575036,0.00018340505,0.00032339577,0.0006696669,0.24442519,0.9791524,0.9855724,0.9978916,0.9702707,0.25255322,0.4107267,0.7819231,0.99565554,0.99854326,0.95028806,0.049744423,0.00046672346,0.0011880887,0.0016239602,0.0032269277,0.0014850496,0.0047115893,0.0046253433,0.0013005777,0.0002224626,4.643059e-05,1.9973066e-05,3.7695965e-05,0.0005537875,0.008788712,0.111425415,0.3622497,0.936338,0.9782073,0.92988974,0.99196446,0.8871727,0.016269026,0.004571581,0.087073006,0.9850434,0.9992085,0.9950558,0.20239365,0.00028613626,0.00070382317,0.0013292643,0.0017018287,0.004116637,0.020577291,0.004008585,0.0009922085,0.00013434351,6.1813254e-05,3.4090946e-05,0.0001398901,0.00945289,0.31331396,0.9622493,0.981351,0.9838774,0.8884641,0.6515165,0.97435683,0.64104825,0.0023882987,0.000190817,0.007360413,0.899011,0.9962865,0.99767405,0.63641375,0.0011086763,0.0011801482,0.0012637934,0.00065161625,0.004102882,0.06608522,0.003481007,0.0005889163,7.754417e-05,2.3255774e-05,1.8068062e-05,0.00061884907,0.13211101,0.8693487,0.99560046,0.99337256,0.73187894,0.03639197,0.12753989,0.8660578,0.2880176,0.0015030402,8.447342e-05,0.00235526,0.52988505,0.98795545,0.9994295,0.96425515,0.0036008763,0.00022849493,0.00027651043,0.00016061503,0.0010568465,0.048561275,0.0029479489,0.00050133985,6.1960265e-05,1.9375693e-05,3.1404248e-05,0.0015384941,0.27952477,0.9461711,0.9959841,0.9766995,0.06535912,0.0010016556,0.0635166,0.9191887,0.59164625,0.01123676,0.0005489311,0.0027583397,0.28026342,0.9669056,0.9991165,0.9830594,0.007717621,0.00022132223,0.0002529296,0.00011256389,0.00052202726,0.033844963,0.0023981028,0.00050150574,8.684876e-05,5.6595753e-05,5.288284e-05,0.00053123874,0.09641305,0.9230457,0.9956729,0.9717891,0.06917611,0.0029637374,0.087254256,0.45578074,0.4970915,0.41856655,0.07269318,0.12144184,0.8578714,0.99002004,0.99815565,0.9297021,0.0054328456,0.00019322845,0.00015859643,8.260493e-05,0.00033308435,0.027036877,0.0018271715,0.000753653,0.0002449137,0.0001322721,9.5551215e-05,0.0002491211,0.023664158,0.72864735,0.99603206,0.9962554,0.85810876,0.48613903,0.79619807,0.6290227,0.7749438,0.96442354,0.933312,0.9654478,0.9951864,0.9982791,0.99807274,0.83669186,0.002387106,0.00018023307,0.00013546174,9.465215e-05,0.00040762717,0.025251813,0.00090272917,0.0003550275,0.0001963127,0.00013118895,0.00013240738,0.00046992477,0.0075514605,0.10991197,0.83395785,0.9871286,0.99828917,0.9956632,0.99667287,0.99229866,0.98655546,0.9902608,0.9888182,0.9938432,0.9927717,0.9849829,0.9193411,0.15376501,0.0014578882,0.0009853768,0.00030834746,8.4289146e-05,0.00043447228,0.024805488,0.0006928883,0.00026778647,0.00028896326,0.00029274868,0.00026811246,0.0006478606,0.00080458645,0.00095181935,0.0020956905,0.035871197,0.7252171,0.84701097,0.8646069,0.7830731,0.83738726,0.74717134,0.6758891,0.4259153,0.10541979,0.037383758,0.0036127556,0.00030228298,0.0001739847,0.0006297076,0.00023369133,7.749331e-05,0.00034090935,0.019382885,0.0006610463,0.00027604314,0.00045729612,0.0006091923,0.00052569987,0.00043840107,0.0001468089,7.530269e-05,6.856271e-05,0.00016014416,0.0015191995,0.004539658,0.00428603,0.015258936,0.07514378,0.022073269,0.007959868,0.0007097299,8.933246e-05,0.00048016285,0.0004464475,9.814731e-05,0.0001425555,0.00038856288,0.00022283367,7.965713e-05,0.00026970252,0.016532307,0.00057511963,0.0001628491,0.00026349144,0.0004451138,0.00036221987,0.00021890667,6.28958e-05,9.7558615e-05,0.00010572344,0.00012598217,0.00035991363,0.00049465534,0.00040741873,0.0018643155,0.0067607607,0.0022384205,0.0005850231,6.923194e-05,1.3423815e-05,7.924837e-05,0.00036467798,0.00019261794,0.00018078367,0.00023816606,0.0001992897,8.3146515e-05,0.00038156917,0.0182923,0.006309801,0.0012022102,0.00088056846,0.000729657,0.00063378894,0.00034360253,0.000187772,0.00030655507,0.0002250152,0.00016735743,0.00028617558,0.00032560312,0.0003753341,0.0010385099,0.0026876046,0.0037961937,0.004409856,0.006107205,0.0031073138,0.0061983867,0.0073427674,0.0016676115,0.000524248,0.0002594475,0.00029994958,0.00023534776,0.0011720101,0.016248731
9,0.010328854,0.0034543294,0.0024168326,0.0022096639,0.0026920468,0.0028423814,0.0037706404,0.006433791,0.0061554564,0.0041233436,0.00307018,0.0021690116,0.0017844355,0.0016846722,0.0012779423,0.0016053125,0.0026508246,0.004495754,0.00792469,0.011329532,0.01434621,0.016532727,0.017751832,0.028720226,0.03457046,0.03502667,0.0820022,0.17588617,0.006366783,0.0009490159,0.00028748598,0.00025421238,0.000301649,0.00028512432,0.00039591358,0.00064633205,0.0008550777,0.0007436157,0.00087950815,0.0004738132,0.00023581587,0.00028635433,0.00027174054,0.00030941376,0.00026167062,0.0002740439,0.00040538015,0.001039424,0.0018747385,0.0031472833,0.004554914,0.004718163,0.004708348,0.0019816943,0.0019908699,0.020665077,0.0032859412,0.0007187866,0.00025626703,0.00029580027,0.0003353153,0.00022125218,0.00020740555,0.00022587547,0.00021504473,0.0005405201,0.0015666338,0.0006251137,0.0002251605,0.00039212327,0.00024703753,0.0002103579,0.00015900239,0.00016538163,0.00026214457,0.00029594413,0.00030436597,0.00044640474,0.001374428,0.0012291805,0.0010543445,0.00040866635,0.0005750761,0.014637792,0.0017155354,0.00030619025,9.846529e-05,0.00011153476,0.00014122216,9.3447175e-05,4.5386223e-05,4.0415965e-05,3.6631613e-05,0.00010161345,0.00016412674,7.988443e-05,6.887792e-05,3.4491473e-05,2.8728038e-05,7.223595e-05,8.346523e-05,0.00019218646,0.00016785397,5.8570145e-05,3.8635633e-05,9.7314805e-05,0.0007059264,0.00075143203,0.0005609559,0.00023290481,0.00048148306,0.014650158,0.002251649,0.0004702806,0.00029664836,0.00046473235,0.00047897734,0.00015069825,2.6585523e-05,1.4341852e-05,9.428798e-06,2.971148e-05,0.00017444932,0.0006974619,0.0025565773,0.0033946051,0.022468356,0.07396862,0.032030694,0.045809153,0.008267308,0.00017364245,3.8941656e-05,5.5270553e-05,0.00018667447,0.00031080868,0.00021136175,7.92938e-05,0.0005016166,0.030153267,0.0019595518,0.0005497089,0.0007601507,0.0013350892,0.001028113,0.00027442118,3.3107877e-05,1.1510964e-05,4.814743e-06,5.434598e-05,0.003483628,0.036334362,0.30853015,0.67639834,0.83240724,0.6905378,0.22050162,0.3317383,0.26511383,0.008461075,0.0010699129,0.00018539837,0.000118182834,0.00036961937,0.0003306857,0.00020176051,0.0023378849,0.068472505,0.0012881542,0.00041218076,0.00055735715,0.0006232977,0.000492386,0.00019008208,2.2011642e-05,6.7181163e-06,1.3987041e-05,0.0005942771,0.13870317,0.8167735,0.97268945,0.89126796,0.20822105,0.013121555,0.00363062,0.013669089,0.31199408,0.71000737,0.5189636,0.12569793,0.0036376747,0.0013669507,0.0005616163,0.00029610106,0.005699056,0.09105443,0.0012079403,0.00041051264,0.0006157576,0.0004441955,0.00032086004,0.00023230708,3.0141817e-05,1.8587787e-05,0.00013165061,0.009029892,0.91745394,0.9906633,0.89295715,0.46920115,0.011179348,0.00023693505,0.00032680633,0.0011263057,0.04529149,0.6915393,0.9530365,0.859197,0.040171087,0.0019598652,0.00034380748,0.00047070143,0.004218538,0.02031842,0.0017347041,0.0006414497,0.0009259802,0.00056626956,0.00030889385,0.00046288804,0.00015726416,8.219962e-05,0.0011379393,0.15360557,0.9613893,0.811646,0.02034978,0.0017472934,4.9986553e-05,1.0686257e-06,2.1677974e-06,3.4782635e-05,0.0011352872,0.049922153,0.8426695,0.9803329,0.80699193,0.028103134,0.0008877382,0.0010998097,0.000882971,0.0017674529,0.0023600177,0.0009060632,0.0008393411,0.0005022431,0.00027263587,0.00034449124,0.00015385084,6.523929e-05,0.001298481,0.19170876,0.8417582,0.40828055,0.009297746,0.00056654814,3.0993757e-05,1.808605e-06,1.5300302e-06,8.672247e-05,0.011414734,0.17989796,0.9612074,0.99761236,0.9630607,0.05335029,0.00039759252,0.00012358853,0.00014909019,0.0032627364,0.0036109127,0.00091338845,0.00042882463,0.0002611754,0.00013542984,0.0001361216,9.875707e-05,4.013283e-05,0.00029495684,0.03459761,0.8712533,0.9259174,0.071604826,0.002582574,0.00028592822,9.4819734e-05,0.00019598428,0.007591508,0.3107607,0.853812,0.9969695,0.9867372,0.28148085,0.0021655292,4.3272506e-05,3.3769702e-05,0.00015342701,0.009351277,0.0033556821,0.0006679543,0.00022921104,0.00016123171,8.4203355e-05,0.00013515132,0.000170303,3.4319637e-05,8.2759536e-05,0.0040933033,0.94990325,0.9980544,0.79619837,0.027262848,0.00057002984,0.000927294,0.009021541,0.08678734,0.67490095,0.9804042,0.9961844,0.8445961,0.0110501805,0.00020656895,5.5289845e-05,0.00010571749,0.00040205172,0.014000394,0.0020912336,0.00044418217,0.00020237957,0.00020122393,0.000119572585,0.00015797657,0.00012615937,2.7005717e-05,5.0883526e-05,0.00070759846,0.707992,0.9990683,0.9971535,0.88165677,0.088138126,0.292675,0.8821619,0.97529924,0.9948042,0.98072356,0.8662225,0.06461849,0.00027944983,7.0983515e-05,0.00010301789,0.00015850103,0.0009120848,0.04289977,0.0021210518,0.0004151786,0.00023938745,0.00033266228,0.00024989163,0.00023466526,6.047191e-05,1.1332657e-05,3.536077e-05,0.0005016482,0.08568761,0.970077,0.9986785,0.9943547,0.87609005,0.9499863,0.997322,0.9944137,0.8733319,0.12543194,0.020004615,0.0034511841,0.00013752907,0.00011086176,8.7166954e-05,7.24845e-05,0.00096093817,0.0454687,0.0025746357,0.0006157303,0.00047558654,0.00081268174,0.0010025058,0.0007018426,7.72136e-05,1.7165787e-05,3.443294e-05,0.0008160784,0.035954148,0.46751007,0.9773627,0.9934824,0.9958501,0.9934321,0.98675716,0.37348023,0.0017521388,0.0006072466,0.0005590328,0.00073896244,0.00028680652,0.00025212302,0.00016720478,0.00015944875,0.0014023194,0.038017623,0.0023372031,0.00062846765,0.0005516486,0.0012773223,0.0015069713,0.0007248468,0.00011714421,2.6901256e-05,2.5484696e-05,0.0010067895,0.03754844,0.31862223,0.96452004,0.99612516,0.9988745,0.93512803,0.12225501,0.003087067,0.00010846196,0.0001736244,0.000172389,0.00019467906,0.00017147929,0.0001767202,0.00016593843,0.00017442921,0.0010754762,0.040747546,0.002369165,0.00048093288,0.00027563315,0.0005019536,0.0003298309,0.00026481642,8.4545856e-05,1.6050984e-05,3.1778207e-05,0.001712718,0.1695378,0.9037419,0.99775773,0.99807584,0.9889417,0.5961646,0.010517468,0.00015733122,1.6436397e-05,8.868223e-05,0.00015726207,0.00020825268,0.0003214948,0.0002545289,0.00011891037,8.025704e-05,0.00041628588,0.019008573,0.0026365246,0.00054855744,0.00026355425,0.0003514743,0.0001631304,0.000216296,0.00031941454,0.00021230234,0.0017398562,0.050241727,0.82875985,0.99641377,0.9942855,0.86411786,0.9121852,0.9449922,0.25544485,0.00075310987,2.4070567e-05,0.00010288634,0.00016271904,0.0001891012,0.0003393249,0.00031005338,0.00010702158,7.900111e-05,0.00038269104,0.013964512,0.0019505798,0.00036125703,0.00017421712,0.00029703186,0.000114472794,0.00012947222,0.00065198395,0.003906712,0.12497287,0.692521,0.9939036,0.997054,0.65798634,0.054548893,0.6854604,0.9834515,0.6326555,0.0040904004,4.0988438e-05,4.6239566e-05,7.887353e-05,9.817605e-05,0.00022274868,0.00037913257,0.00022087237,0.0002433841,0.00062735635,0.012250359,0.0015637142,0.00022427818,0.000108846034,0.00022566429,7.830016e-05,4.7858583e-05,0.00034796676,0.04110724,0.8957318,0.99105304,0.99702615,0.87228745,0.058730226,0.010520842,0.66173387,0.9975435,0.8932388,0.021178985,0.0001109104,4.7388854e-05,0.000106360174,6.644478e-05,0.00015960848,0.00033032117,0.00025530322,0.0003253043,0.00074948143,0.015254636,0.0016122176,0.00023959776,0.00011909546,0.00027265665,0.000104949606,5.1851148e-05,0.0011727661,0.40414616,0.9945997,0.996424,0.90498686,0.049450893,0.0022823666,0.0011413504,0.37697166,0.99683654,0.8589376,0.01026272,8.8707864e-05,4.541744e-05,8.247521e-05,5.314568e-05,0.00012258571,0.00046528692,0.0006120299,0.0004807255,0.0016861124,0.042825345,0.0010901879,0.0002734731,0.00026464023,0.00034506497,9.55823e-05,5.685925e-05,0.00089606125,0.19451797,0.9948337,0.9886553,0.43614465,0.028190749,0.003570813,0.010235898,0.62603825,0.975495,0.3901718,0.0023465804,8.027388e-05,8.0593265e-05,9.474732e-05,5.0548744e-05,0.00012250707,0.0007282072,0.0009745609,0.000785986,0.0031593721,0.06199481,0.0013519144,0.00030150643,0.00047323047,0.00076333596,0.00019952793,6.672645e-05,0.00013349864,0.01015661,0.9656784,0.9955896,0.9541093,0.41909268,0.13704562,0.5488392,0.9453417,0.902565,0.05319575,0.00092928275,5.9617036e-05,8.20743e-05,7.121574e-05,4.5923785e-05,0.0001366398,0.0007314877,0.0013697585,0.00072148745,0.0023511539,0.050553694,0.0014085189,0.00012637633,0.0001353347,0.00064620574,0.0003703278,0.00021915163,0.0003205885,0.0040959883,0.29840824,0.96053374,0.99887997,0.9941791,0.9586792,0.963987,0.96546483,0.6296347,0.014708698,0.001358742,0.00012409796,0.00019650876,4.322458e-05,1.7784334e-05,0.00013778057,0.00055187,0.0010338643,0.0005332284,0.0012483608,0.025974127,0.0030165205,0.0003080322,0.00019814246,0.0007530381,0.00097315013,0.00095801515,0.00045205138,0.00033171097,0.00032363943,0.0046134093,0.61919034,0.9156254,0.833816,0.65566367,0.49589685,0.21392839,0.03708976,0.009044932,0.0013117153,0.0012932293,0.00025417918,8.4156636e-05,0.0004390087,0.0007188326,0.00067887624,0.00042603907,0.00083863485,0.018725151,0.005414568,0.00048333989,0.00020554279,0.0008013258,0.0012327437,0.0019355087,0.00032470445,6.228675e-05,2.271908e-05,3.892168e-05,0.0007820116,0.0016768083,0.002004932,0.00092999707,0.00066487776,0.0016285876,0.005928301,0.0044793,0.00061392254,0.0005933687,0.00038839734,0.00037895096,0.00094795635,0.0013690137,0.00097481254,0.00057794084,0.0013021803,0.024447314,0.003291529,0.0002567341,9.323889e-05,0.0002594663,0.00048451018,0.0021399222,0.00040251322,8.470289e-05,4.1944568e-05,5.5028788e-05,7.856448e-05,6.1827166e-05,7.561333e-05,3.7237063e-05,4.9159742e-05,0.00010242607,0.0011379931,0.0014792586,0.0003284142,0.00026194373,0.00019780871,0.00020234117,0.00044605526,0.0007235397,0.0005572142,0.0006669886,0.0035016744,0.072924465,0.009730709,0.0018413197,0.0005556073,0.0003000248,0.00061070087,0.0017672419,0.00075310125,0.0002843555,0.00011235928,0.00016317426,0.00022587956,0.00037897934,0.00067682966,0.0011237577,0.0023847872,0.009092514,0.011911452,0.0018402587,0.00054370286,0.00022330415,0.00023511362,0.00022243928,0.0004516194,0.0007256582,0.0008887381,0.0015557047,0.0058930037,0.052503634
10,0.008105736,0.0041721896,0.009032244,0.010958761,0.008278972,0.00541247,0.0032894409,0.002378893,0.0012931924,0.0011625019,0.0010299511,0.0008637773,0.0012247191,0.001418042,0.0020502333,0.0015863042,0.0008404404,0.0008164619,0.0011408856,0.0018667625,0.011079807,0.0471366,0.0117849605,0.004422141,0.0030523587,0.0020243784,0.02304797,0.27608702,0.0054151556,0.00191364,0.0017005622,0.001192463,0.0010817137,0.00080757216,0.00041803686,0.00030661264,0.00014921947,0.0002105682,0.00018963982,0.00015196926,0.00017070454,0.00013757839,0.00014722638,0.00013803187,0.000118720134,9.926815e-05,0.00020197763,0.00039635427,0.001647995,0.0037025022,0.0011467531,0.00036712762,0.0001816315,0.00017186267,0.0046570855,0.20252566,0.0050573368,0.0021243587,0.00070997886,0.00040773503,0.00042763003,0.0004341721,0.00030713604,0.00029837037,0.0001896751,0.000494669,0.00061207725,0.0005411591,0.00052209717,0.00037929378,0.00018092281,0.00012079986,0.00011521494,0.00014043752,0.00036397224,0.000462431,0.00046696106,0.0002377724,0.00030288385,0.00021336447,0.00014831344,0.00019252613,0.004792253,0.16444463,0.0025609683,0.00066408614,0.00016590916,7.821867e-05,7.676839e-05,6.4303604e-05,5.8676756e-05,5.482535e-05,5.3300333e-05,0.00011277845,0.0001016404,5.658749e-05,6.417232e-05,3.707916e-05,2.2085636e-05,3.0069239e-05,3.1968302e-05,7.757006e-05,0.000117506024,0.00018042633,0.00016099038,0.000111052526,0.00020036066,0.00017236336,0.00015808054,0.00016795947,0.0030856908,0.11871359,0.0016032107,0.00033608737,0.00011581626,5.940893e-05,7.2603485e-05,5.7758847e-05,6.399754e-05,0.00012153968,0.0002404399,0.00080345327,0.0015157675,0.001398681,0.003083465,0.0038402379,0.0154591855,0.014975406,0.007290996,0.0032559142,0.00045255222,0.0008715225,0.0005816702,0.0002855705,0.00026630747,0.00032458623,0.00021674421,0.00016158554,0.0028074044,0.10930173,0.00105615,0.00019282484,9.516776e-05,5.0100032e-05,5.8165606e-05,4.5172746e-05,5.2299827e-05,0.00017798273,0.00063226523,0.009236507,0.14022063,0.5891088,0.9272009,0.9828037,0.9899856,0.9597115,0.887525,0.30911028,0.022581827,0.007672443,0.0013998529,0.00071164255,0.00025420196,0.00011553774,6.2627965e-05,6.4708176e-05,0.001064915,0.057364643,0.00082159165,0.00017024355,0.000112442016,4.062273e-05,6.398503e-05,0.000106558036,0.00025419542,0.00072885567,0.011278483,0.27307388,0.9186095,0.9908551,0.99795216,0.996757,0.96375984,0.9488358,0.97295356,0.94773453,0.8006551,0.17213134,0.016314825,0.007564412,0.0002747314,5.757929e-05,0.00010274399,0.00014868173,0.0014466667,0.08797694,0.0010472983,0.00033778662,0.00015868824,4.45172e-05,7.957893e-05,0.00034342552,0.0013081154,0.0054189116,0.30285698,0.9361871,0.99613696,0.99887985,0.99645424,0.9371244,0.42882177,0.50075793,0.9518716,0.9920067,0.94235015,0.2792571,0.04995908,0.012860296,0.00015391187,3.833714e-05,0.00015444022,0.0002938249,0.0020869095,0.14761299,0.0012994566,0.00049179146,0.00025794914,6.827674e-05,0.00014439046,0.00081225054,0.0049551586,0.021826917,0.55477864,0.9380767,0.9879155,0.9956477,0.9820409,0.80987924,0.20178382,0.1691993,0.91874504,0.9927857,0.9017226,0.14570835,0.016834594,0.0018115712,2.7908103e-05,1.3578306e-05,7.63502e-05,0.00030720426,0.00347692,0.28397334,0.0011956488,0.00038639846,0.00023232949,6.325453e-05,0.00019650222,0.0030121845,0.10067754,0.30067703,0.73570895,0.70514417,0.86736476,0.99397284,0.99173427,0.82317716,0.10882734,0.13845348,0.7194143,0.9547614,0.8259202,0.063498564,0.0044776467,0.00032949206,9.799974e-06,3.2177908e-05,0.00012326815,0.00023644445,0.0066544986,0.3762705,0.00088794023,0.00026773132,0.00018672575,6.133717e-05,0.00025616807,0.006740576,0.4190938,0.8370994,0.7652256,0.21025607,0.25109714,0.95481694,0.9920765,0.93745583,0.50831926,0.46184087,0.76850116,0.9026841,0.47479212,0.008373827,0.00029465527,5.7774214e-05,1.1415658e-05,0.00013110241,0.00056085293,0.00040349696,0.0070342883,0.24009675,0.0007581598,0.00018182835,0.00014966706,6.961631e-05,0.0002527288,0.0012074364,0.12680857,0.7387086,0.72780806,0.3697872,0.15438145,0.53712976,0.95534825,0.9964719,0.99632734,0.98973644,0.9885782,0.94008636,0.25483146,0.005045194,0.00031471057,0.0002314802,8.594777e-05,0.00038325106,0.0014558481,0.0014488214,0.0039313044,0.06917592,0.0010958543,0.00028089332,0.0001832472,6.718502e-05,8.465025e-05,8.302878e-05,0.0028548993,0.15640397,0.6968474,0.59498394,0.26171482,0.27525017,0.7012498,0.99045724,0.998223,0.9987974,0.9942216,0.78933084,0.08981243,0.009395239,0.004323961,0.0073840786,0.0063332296,0.009960376,0.013495819,0.010845696,0.0078056906,0.039667502,0.0014473184,0.0004134355,0.00027129505,7.7764846e-05,4.030208e-05,1.4661835e-05,7.0931346e-05,0.00404556,0.15609811,0.45013744,0.43706575,0.26029792,0.60282004,0.98843354,0.9995691,0.99986136,0.9991836,0.93904644,0.07042269,0.017106736,0.013152293,0.008531241,0.011608886,0.013376742,0.012313109,0.021713493,0.033570327,0.061933417,0.0016308748,0.00041599394,0.00024743544,9.5515046e-05,3.546428e-05,9.174982e-06,1.7496735e-05,0.00034914838,0.018436577,0.532569,0.97367156,0.9720775,0.9922289,0.9997043,0.99995255,0.9999101,0.9993975,0.9178504,0.008922264,0.003510659,0.0031896147,0.0014082125,0.0013691467,0.0011484054,0.0014722898,0.0040336614,0.02299393,0.10283927,0.0017790976,0.00044311283,0.00031527606,0.00011069443,0.00011437176,0.00027213982,0.00038542983,0.0046163728,0.07397332,0.775729,0.9992968,0.99964106,0.99981326,0.99966204,0.99824786,0.99421895,0.9857627,0.80760264,0.004523486,0.00024525513,0.000109908004,0.0001842557,0.00025813287,0.00044533217,0.00093439885,0.0019731675,0.015789993,0.11241754,0.0020910038,0.00030179776,0.00019959871,0.00016948217,0.0006356575,0.0063119205,0.026182441,0.05639413,0.1024918,0.73372656,0.99851197,0.9983407,0.99531686,0.9413275,0.5286527,0.8023066,0.99068844,0.99317086,0.2500965,0.0004051032,2.6151136e-05,0.00013766266,0.00020106685,0.0004878576,0.0011140105,0.0023603793,0.007489012,0.035942648,0.0016719024,0.0001718289,8.568516e-05,0.00021607257,0.0016015338,0.052682597,0.5448102,0.4275388,0.2747851,0.6193129,0.96412593,0.8401951,0.17378393,0.030616008,0.012912424,0.05708749,0.952455,0.9970233,0.8426232,0.006363272,5.598478e-05,0.00025724375,0.0005249285,0.00073577336,0.0011651303,0.0005795071,0.0008963745,0.016942227,0.0016975373,0.00022941284,0.00018708235,0.0003350523,0.0035298914,0.15335111,0.6669948,0.59429735,0.5845117,0.6875911,0.87149245,0.7321035,0.01747676,0.002749299,0.005327329,0.0060910895,0.53552574,0.9870924,0.9629346,0.04237569,0.00019754162,0.00053337123,0.00037312967,0.00024630938,0.00021043974,0.00013386783,0.00039019246,0.013898653,0.0014971507,0.0004377154,0.00056874607,0.0010247803,0.004281801,0.013509659,0.06408758,0.057896487,0.18102439,0.5181974,0.90487903,0.95741624,0.052391656,0.007287342,0.009619914,0.009754419,0.7921433,0.99233913,0.98191214,0.13971385,0.000748014,0.0007133108,0.000127766,2.8023771e-05,4.126651e-05,0.00016501635,0.00059054996,0.015240941,0.001125253,0.00058783905,0.00089154165,0.0006120361,0.00035612614,0.00018086609,0.00064441917,0.0024294795,0.04563688,0.3290101,0.9510333,0.99435884,0.68576336,0.16026905,0.040095534,0.048696205,0.9586079,0.9990964,0.996581,0.48851758,0.004870083,0.0007922791,7.703202e-05,1.9534844e-05,2.4901627e-05,0.00012742181,0.0006571026,0.021287436,0.0016699996,0.0009711462,0.0013819936,0.00071289897,0.00025048488,5.0395785e-05,5.1993604e-05,0.000698979,0.018935263,0.23578684,0.97373116,0.9973066,0.9788204,0.76862407,0.20477502,0.40891245,0.992362,0.9996512,0.9988588,0.80495226,0.03096246,0.0013437509,8.487957e-05,2.4006562e-05,1.0530506e-05,8.586904e-05,0.0007851843,0.021513058,0.0017130075,0.0007263865,0.0005962254,0.00047747002,0.00021913533,4.7079495e-05,4.920341e-05,0.0003501978,0.0064777257,0.13568936,0.9599931,0.9924827,0.9864936,0.94258183,0.9379254,0.98767334,0.9996383,0.99981135,0.99511826,0.7308041,0.017886886,0.0013226538,0.000119549775,3.0143112e-05,2.3615572e-05,0.00015977354,0.00083008106,0.021761723,0.0018092619,0.0003929692,0.00019201849,0.00014879733,8.351356e-05,5.1115705e-05,5.6315963e-05,0.00024907172,0.004172643,0.051069226,0.9076852,0.9937784,0.9982368,0.9976661,0.9986545,0.99843866,0.9987184,0.9943597,0.5755982,0.041625034,0.0020750307,0.00088372425,0.00019773346,0.00022800983,0.00027863067,0.0004819161,0.0017038293,0.04869436,0.002754722,0.00067241176,0.00026033237,0.00019234265,0.00011259685,9.227512e-05,0.00014503002,0.00042363186,0.0010558632,0.0040029655,0.34153128,0.97099644,0.9956644,0.9858467,0.90906626,0.49560088,0.192473,0.01520624,0.00050800084,0.00019706623,6.249439e-05,0.000100242214,0.00021845463,0.0007042253,0.0009572556,0.00097610895,0.0033088839,0.09143413,0.0033593038,0.0010235319,0.0003679312,0.00018675531,0.00010121996,0.00012794486,0.00031053557,0.00035696113,0.0003584455,0.00031561079,0.0030004547,0.0864406,0.25439835,0.046321306,0.0043065464,0.0007429789,0.00027772365,6.926892e-05,2.26569e-05,3.900514e-05,3.206286e-05,0.0001315437,0.00040876845,0.00054073654,0.0010705364,0.0017924357,0.0120723555,0.18485962,0.004177445,0.0012175483,0.0003456458,0.0001925744,0.000117745716,0.00014777208,0.00016598986,0.00015512905,0.00016364796,7.5041826e-05,0.00021090917,0.001618187,0.002441974,0.001061758,0.00022422324,8.1105965e-05,3.365198e-05,1.5554395e-05,9.968407e-06,1.7272228e-05,6.600253e-05,0.00036777408,0.0010115294,0.0011058343,0.0023351694,0.004752919,0.055303976,0.3951491,0.010880973,0.0014397728,0.0006016604,0.00045097969,0.00031503808,0.00025425482,0.00021074337,0.00021178697,0.00019793172,0.00013866363,0.0004329609,0.0010750117,0.0010573751,0.0012857927,0.0012695524,0.0030826384,0.003665486,0.0024349287,0.0014381531,0.0016607178,0.0013759703,0.0007321638,0.0019536114,0.0037807205,0.0059776013,0.0066881482,0.020775188,0.09303755
11,0.0101763215,0.0027945852,0.0019387981,0.0015417072,0.0018102557,0.0020448908,0.00229175,0.004481038,0.0037433305,0.0028593906,0.003962784,0.0058046533,0.0125836525,0.05582497,0.083625436,0.03000496,0.01586799,0.007791028,0.0017380607,0.0010493586,0.001901682,0.0023095962,0.012988034,0.07357488,0.1250969,0.12294601,0.15499748,0.39602295,0.003845027,0.00094212,0.00035912826,0.00016789767,0.00017504985,0.00018477064,0.00021120702,0.00050657196,0.0005537157,0.0005450054,0.0009988744,0.003178583,0.012218344,0.06558032,0.09225542,0.011867276,0.0023818712,0.0007443431,0.00020254038,0.00017881676,0.00025395484,0.00022733517,0.0009866806,0.003985197,0.0047907885,0.004832597,0.012950354,0.11450116,0.0019012033,0.00082734256,0.00046970867,0.00025482583,0.00024604137,0.00021360222,0.00017739873,0.0002480113,0.00027317184,0.00033353624,0.0006976657,0.0014427326,0.0024770224,0.0063076722,0.009778902,0.002511381,0.0007783463,0.00034456613,0.0001413728,0.00021249615,0.00019008064,0.00010950608,0.00026467102,0.00036256757,0.0006422055,0.00093788054,0.004044634,0.06464289,0.00087761955,0.0002774648,0.00022197296,0.00013786693,0.00013729533,9.290394e-05,5.4594115e-05,7.98497e-05,0.00010156115,0.00016330533,0.00017641562,0.00018368244,0.00015925092,0.0002172341,0.0001448722,6.850716e-05,0.00012611931,2.8896968e-05,1.2439377e-05,2.3075965e-05,7.532399e-06,1.0776805e-05,5.2799645e-05,0.00016625122,0.00060881156,0.00057720393,0.0023290818,0.041550133,0.0012570394,0.00045188188,0.0010782923,0.0010963865,0.00089406857,0.00028883244,7.582576e-05,0.0001136735,0.0001178966,0.00011517583,0.00012838286,0.00012794937,0.00022212454,0.0002709603,0.000115247465,8.767281e-05,0.0008881632,0.0039274753,0.012201407,0.0017119705,1.1961743e-05,8.129142e-06,3.030365e-05,0.00012723362,0.00041271525,0.00039407884,0.0019511126,0.0450631,0.0009705334,0.0006759266,0.013287828,0.029339923,0.01554554,0.0017138353,6.769824e-05,1.990763e-05,1.7847964e-05,7.9696794e-05,0.0011862207,0.0024345117,0.005023304,0.03173595,0.043597706,0.039680973,0.47688058,0.91742635,0.95868886,0.53785,0.0010541044,7.1997376e-05,0.00012580234,0.00022477808,0.00027195853,0.00028557537,0.0014849111,0.052823003,0.0015316389,0.0013178174,0.0673121,0.25662094,0.06458158,0.0034951083,3.8793543e-05,5.5538894e-06,1.5143063e-05,0.00075403624,0.06838856,0.18086123,0.53445524,0.9349437,0.9929766,0.98637056,0.9974233,0.9968811,0.98182845,0.9146086,0.06450199,0.0028569023,0.00067345874,0.00079645094,0.00037354112,0.00027815506,0.0013474174,0.07165391,0.0022433153,0.0017551532,0.094416544,0.2290584,0.024383934,0.0018516064,3.7918602e-05,1.0903025e-05,5.155738e-05,0.0053848764,0.40067238,0.82885104,0.98962116,0.9977968,0.99947006,0.9984131,0.9982711,0.9896701,0.9630864,0.95007485,0.36495584,0.094947614,0.0034484712,0.00030941673,0.00026729773,0.000265752,0.000899362,0.068228416,0.0022721728,0.0019340143,0.05111151,0.06163546,0.0040491004,0.00045707077,1.6089083e-05,2.621751e-06,1.6200385e-05,0.004420489,0.48730943,0.96440744,0.99043965,0.96307695,0.77509975,0.37895977,0.70834154,0.6573266,0.9144771,0.91539675,0.4043478,0.2265681,0.0020318232,2.3244931e-05,3.41791e-05,0.00013911285,0.00094748545,0.077596955,0.0021596763,0.0009578934,0.006979069,0.01230941,0.0024275584,0.00061365956,2.205882e-05,3.8812714e-06,2.3522876e-05,0.0028634435,0.75853413,0.98825186,0.91747344,0.025411356,0.00023883686,0.0007834149,0.056290817,0.7117495,0.98202056,0.71992296,0.07999149,0.006115114,6.737917e-05,2.0744477e-05,2.9324397e-05,0.00016312169,0.0026303038,0.13609636,0.0010294871,0.00020623537,0.00047892227,0.0010980133,0.0012606629,0.0004329413,1.7786488e-05,1.1994081e-05,4.4491353e-05,0.0035905356,0.96053076,0.99710196,0.86668575,0.008518723,9.7983015e-05,0.005433974,0.63796294,0.98645926,0.99367696,0.3782457,0.002956567,0.00020823958,1.6798062e-05,1.8886276e-05,0.000101451,0.0006842186,0.011712846,0.30861112,0.0010017606,0.00013870634,0.00015874425,0.0003036492,0.00054056494,0.00033904504,2.0842375e-05,1.7294147e-05,4.6885856e-05,0.0025344,0.97607577,0.9991678,0.9946215,0.7367434,0.09508992,0.70609903,0.9915503,0.9818393,0.49029455,0.0090088,0.00015716569,0.00013224751,7.275887e-05,9.0113615e-05,0.00077279226,0.005894954,0.082770914,0.5297397,0.0009884514,0.00013818608,0.000119671924,0.00021585225,0.0005766401,0.0005966961,3.246843e-05,1.07943015e-05,1.6200864e-05,0.0002108165,0.46126643,0.9961533,0.9993431,0.99510646,0.9743517,0.9963477,0.9971468,0.54408777,0.00094575103,8.625781e-05,1.4837263e-05,3.5433684e-05,0.00023102577,0.0010128239,0.0066091227,0.037206475,0.20844427,0.5093328,0.0008072843,0.00012705819,9.986621e-05,0.0002264348,0.0007273091,0.0010177866,8.12171e-05,2.1315049e-05,1.762483e-05,6.6206085e-05,0.024744367,0.9184386,0.99952185,0.99963486,0.99733055,0.99066645,0.8070762,0.010685074,6.442359e-05,6.012414e-05,6.6877175e-05,0.00019121238,0.00049826654,0.00083549455,0.0043133157,0.020333061,0.07394256,0.28126365,0.0007062659,0.00011072863,4.790429e-05,8.512469e-05,0.0003346871,0.0015299394,0.00055310223,0.00015791,9.318644e-05,0.00012660478,0.0082923435,0.64694905,0.9980673,0.99972504,0.99908626,0.93687296,0.030330498,0.00027498454,3.146057e-05,0.0001450736,0.00022890508,0.00021231022,0.00022253195,0.00030071466,0.0008531038,0.0024342753,0.013262987,0.12671754,0.00055255793,0.00014924294,3.925882e-05,5.112833e-05,0.00020880644,0.00044717596,0.0006008126,0.0005422191,0.00038346136,0.0006908087,0.042501327,0.91344357,0.9936753,0.9961576,0.99642026,0.73384964,0.009316282,0.00015276104,7.7600685e-05,0.00065867044,0.00019791246,5.982639e-05,7.2432194e-05,0.0001712151,0.0003927679,0.0007832981,0.005899866,0.07040335,0.00051475316,0.0001824066,9.2803355e-05,0.00012270443,0.00016051168,0.000243864,0.0012140336,0.0048535583,0.008464015,0.10550529,0.969901,0.9949803,0.9757485,0.95566374,0.99010897,0.92211384,0.08468766,0.0006970928,0.00018273474,0.0014432458,0.00029085716,6.941651e-05,0.0001016946,0.00040906452,0.0012181712,0.0021473323,0.008482359,0.05483369,0.00044023135,0.00013349343,8.85689e-05,3.8629005e-05,2.885998e-05,0.00020936223,0.010495854,0.13276657,0.55781215,0.9854709,0.9990797,0.9689125,0.51179683,0.65858704,0.9915559,0.98666096,0.24041957,0.0024696868,0.00045152885,0.0013089322,0.00025367463,0.00010630086,0.00015589791,0.0005532325,0.0015773644,0.0026498665,0.006289413,0.0357655,0.0007179494,0.00021116836,0.0002258016,9.258714e-05,0.00010550901,0.002581459,0.24821998,0.9142012,0.9981869,0.9996611,0.99556667,0.6966008,0.25068644,0.58842003,0.98325676,0.96610385,0.1647135,0.009103154,0.0022351162,0.0016900484,0.00040670624,0.00023831736,0.00042574556,0.0013659493,0.0022776253,0.0025617955,0.0039129388,0.022824049,0.001280357,0.0004159166,0.00064824655,0.00032550938,0.00040539735,0.027092338,0.89770925,0.99749595,0.99989986,0.99896157,0.866395,0.5456987,0.46108258,0.5838665,0.92332035,0.6045356,0.016330712,0.0070574232,0.003596735,0.0017346324,0.00039186396,0.00018721315,0.00051366806,0.0018712512,0.0026748981,0.0033923066,0.007965503,0.043266434,0.0022440657,0.0006799404,0.00040370223,0.00010015785,0.00015986954,0.01348741,0.8831051,0.9958092,0.9992311,0.97126806,0.080875464,0.062234327,0.5511362,0.8420186,0.87256354,0.09507883,0.0010866259,0.0015895352,0.0013006335,0.0006989261,0.00016048475,7.185965e-05,0.00022692456,0.0011318572,0.0018985288,0.0027817544,0.011419169,0.0876299,0.00544225,0.0009791212,0.00032449895,8.532657e-05,0.00014600062,0.005191163,0.603033,0.9922197,0.9992343,0.99294996,0.39076844,0.16328916,0.9255399,0.9608531,0.48950168,0.01582183,0.00116309,0.001989812,0.0006797706,0.00014023588,5.6719426e-05,5.1226525e-05,0.00011437732,0.0005661948,0.0015323757,0.0028988998,0.017027535,0.1365187,0.008152948,0.0008538333,0.00022035534,9.466749e-05,0.0001147762,0.0009071459,0.10203717,0.9697056,0.99972063,0.99959844,0.9905246,0.98199606,0.99698323,0.92161614,0.056973334,0.003748071,0.00040516438,0.0007907889,0.00024883554,6.13889e-05,5.2984353e-05,9.1781665e-05,0.0001619905,0.0006240324,0.001861721,0.0025591357,0.019837314,0.162169,0.0056440304,0.00044684747,0.00011488362,7.171623e-05,7.992092e-05,0.00016635968,0.003072266,0.53921,0.9991972,0.9998777,0.9994754,0.99713206,0.9907336,0.4674075,0.027964693,0.017962027,0.0009206293,0.00043377286,0.00010876604,6.958153e-05,6.003694e-05,0.00012090335,0.0006278872,0.0029378012,0.0074189315,0.0030227047,0.0067665363,0.07013921,0.0027737315,0.000430686,0.00021307234,0.00016692281,0.0001777753,0.00014921179,0.0015407505,0.16269422,0.9490533,0.9953825,0.97910005,0.6720939,0.20639692,0.0033090774,0.0012874526,0.012436119,0.0016223583,0.0005538215,0.00026705014,9.474977e-05,0.00013959095,0.0013123769,0.016283272,0.037476096,0.00935902,0.0008929099,0.0013087272,0.021090358,0.0030921886,0.001194705,0.0013867074,0.0017385796,0.00094199734,0.0005103211,0.00215951,0.0061659026,0.019967854,0.11746534,0.032951742,0.0032638686,0.0015873702,0.00048441946,0.001007404,0.009418954,0.002797912,0.0020349564,0.000586033,4.8656824e-05,0.00014085972,0.004833755,0.09671198,0.07641198,0.0038970248,0.00027210196,0.00078247633,0.022826828,0.0015066039,0.00063500536,0.0013779524,0.002641148,0.00091437233,0.00084407517,0.00078300183,0.00036117627,0.00035137578,0.0010147924,0.001412127,0.001046148,0.0017065769,0.0018135789,0.0019975645,0.0057732654,0.0064989626,0.0051840125,0.00061374437,4.2485215e-05,0.00016871547,0.004233489,0.026476076,0.011849005,0.0007975146,0.00014278147,0.00086109224,0.02673774,0.0036775756,0.0007950186,0.00087169785,0.0009870238,0.000591489,0.0005977645,0.00037541677,0.0001654299,0.0001527666,0.00021335676,0.00078826555,0.005978641,0.010783586,0.00269154,0.0007303401,0.00082141324,0.0013345928,0.001745374,0.0009074732,0.0003178692,0.0006839047,0.0017738567,0.0026264798,0.002320685,0.0006437574,0.00032309038,0.0014921707,0.018318353
12,0.0082117785,0.0031631815,0.0018624903,0.0014666762,0.0021762499,0.0026916526,0.00378848,0.0052780183,0.0072339894,0.003919358,0.0009753499,0.0008083166,0.0007264304,0.00058741757,0.00079801097,0.0006027797,0.000590887,0.0014172433,0.006841227,0.02294509,0.029588534,0.030021055,0.0061899386,0.0021654684,0.0021612584,0.0026851122,0.042034075,0.4498307,0.006011215,0.0018378953,0.00034926407,0.00014916428,0.00019417984,0.00021587675,0.00038053552,0.00047302555,0.0005845179,0.00041242287,0.00013668269,0.0001365403,0.00010586729,5.123233e-05,4.3455657e-05,5.5020708e-05,0.00010768226,0.00030922005,0.0011485525,0.0013052424,0.0013387837,0.0019106088,0.0010216269,0.0006727871,0.0005155612,0.00034962353,0.0048549864,0.21468125,0.002864477,0.0011502523,0.00020934446,0.00013910729,0.00015432644,0.00016894472,0.00023138752,0.00022447821,0.00020724088,0.00031839544,0.00030177645,0.0005385115,0.0005724121,0.0004659298,0.0002476651,0.00019408263,0.00022730695,0.000276244,0.00064582186,0.00029192035,0.00034092154,0.00037569818,0.0021783756,0.0065740948,0.0037413607,0.0018728229,0.0055739568,0.12039319,0.0011272561,0.00033113777,8.026094e-05,6.347224e-05,6.875166e-05,7.856313e-05,6.275794e-05,5.987868e-05,5.4322973e-05,6.591963e-05,9.8060875e-05,0.00016649443,0.0002959464,0.00017253126,0.00017379418,0.00042728914,0.0002839803,0.00023632366,0.00025827443,8.8424844e-05,9.3898794e-05,0.000104280625,0.0007799381,0.002378495,0.0014097784,0.00082473515,0.0012753723,0.034638643,0.0017482876,0.0003277927,8.493989e-05,9.757853e-05,0.00012708023,0.00013370096,0.00012966458,0.00019736221,0.00022641668,0.00036747148,0.000780001,0.0038564112,0.035667364,0.052048936,0.24917296,0.6441533,0.30856216,0.0134768635,0.00022583004,2.1820906e-05,1.0809237e-05,1.896475e-05,0.00020082602,0.00087113905,0.0005677033,0.00017013111,0.00018949615,0.0089766225,0.0016673139,0.00023084585,9.872309e-05,0.00015268794,0.0001758081,0.00017418139,0.00014173318,0.00040316742,0.001128116,0.006561569,0.046102036,0.34197745,0.9553243,0.9927723,0.9967179,0.98162407,0.60263956,0.02183458,0.00040472488,9.0805595e-05,2.7722024e-05,2.7092445e-05,0.00021076464,0.0012759652,0.00088374445,0.000104385,0.000103766404,0.007884335,0.0015101798,0.00034267936,0.00021387592,0.00021672128,0.00028279578,0.00017175144,0.00021508595,0.0008376672,0.006967869,0.14322574,0.68250895,0.94648856,0.99748516,0.99610776,0.8784376,0.114302136,0.004289711,0.0014791607,0.0004154405,0.00023861791,5.567381e-05,4.449522e-05,0.00021498672,0.00075857213,0.00038264832,4.968809e-05,9.03324e-05,0.004363519,0.0021809787,0.00072057085,0.00038510165,0.0004122562,0.00083489093,0.0007795777,0.00071609794,0.0013821654,0.0073589394,0.09435374,0.8525582,0.9865224,0.9832575,0.7517491,0.028658118,0.002176897,0.0012625572,0.005091891,0.0025461174,0.00033124292,3.0793184e-05,4.196253e-05,0.0004139464,0.0006219987,0.00024274702,7.646343e-05,0.00013871917,0.003536318,0.0018285398,0.0008532493,0.0017036523,0.0055945604,0.026329612,0.01987478,0.0010790116,8.129978e-05,3.1764997e-05,0.0003897764,0.16792038,0.8685325,0.65808445,0.10056759,0.0011280902,0.00012452554,0.00082685583,0.014016405,0.035221536,0.0054024607,0.00026845318,0.0009004248,0.025172068,0.023772463,0.002159026,0.00023493168,9.154129e-05,0.0015227392,0.002156214,0.0020165357,0.012681374,0.08740105,0.56465465,0.34692472,0.002764176,2.9823666e-05,3.3171707e-06,8.5965396e-05,0.069228366,0.83377355,0.9064314,0.16347563,9.055085e-05,2.4186376e-05,0.00066059694,0.002933812,0.045709535,0.0796195,0.012606328,0.03410989,0.33127493,0.20853743,0.0059074615,0.0003988044,8.37006e-05,0.00155019,0.0031792843,0.002418568,0.028162498,0.2633669,0.83630246,0.6205138,0.0032788522,2.8288761e-05,4.1873627e-06,0.00019271437,0.104591705,0.89604723,0.99685955,0.94135636,0.0034528505,0.0013205267,0.038667496,0.07852282,0.5811932,0.65666336,0.23629773,0.12013046,0.03693449,0.009609071,0.0005499948,0.00011282643,9.9022436e-05,0.0070243357,0.0023334236,0.0012712894,0.026712462,0.27823195,0.7603078,0.38195553,0.001478042,2.0385549e-05,2.7767685e-06,0.00010955475,0.04704645,0.758452,0.99976057,0.99991345,0.81138754,0.23056057,0.8091526,0.9295447,0.96499556,0.8213683,0.23191483,0.023369774,0.00045864945,0.00011721338,0.0001318496,0.00013071457,0.00013416327,0.009089576,0.0034291525,0.001880882,0.016322862,0.06309643,0.16109812,0.025731962,0.00016604194,1.153921e-05,2.604588e-06,4.4214485e-05,0.008195073,0.18448219,0.9970325,0.9999559,0.99441904,0.8331821,0.9664639,0.980739,0.903407,0.2980663,0.005447257,0.000197372,1.3947508e-05,1.6689752e-05,0.00014693354,0.00042222242,0.0017641665,0.092642576,0.005730611,0.001980531,0.0035661892,0.0052570854,0.008694975,0.0013751541,5.503734e-05,2.807419e-05,1.2444409e-05,8.536725e-05,0.004502554,0.05402024,0.8699754,0.99754673,0.9983833,0.9921687,0.9924987,0.9443837,0.12933403,0.0062259817,0.00016575358,2.551271e-05,1.8207287e-05,6.2733234e-05,0.00019648162,0.00051572884,0.031152258,0.51400024,0.0050335964,0.0010022608,0.00066595554,0.00071894797,0.00089859706,0.00023982975,6.36261e-05,8.378484e-05,3.0043471e-05,0.00017256942,0.0032958337,0.014504178,0.4351996,0.9737553,0.9988918,0.99650156,0.9731109,0.4319737,0.000614397,6.268527e-05,2.2978202e-05,4.4569533e-05,0.00015681195,0.00020525626,0.00050004787,0.001570671,0.07777744,0.70062476,0.0069728526,0.00082274416,0.00027562157,0.00031307395,0.00024280419,9.672456e-05,0.00011441691,0.00013368757,4.7843023e-05,0.00037433318,0.0020142857,0.0056841653,0.36150843,0.9670132,0.99830973,0.91784966,0.12758073,0.013587651,5.1592593e-05,1.5963195e-05,3.467983e-05,0.00017308192,0.00028882417,0.00018979739,0.0005690522,0.001158211,0.01380958,0.3148755,0.015191339,0.0016191162,0.00037487922,0.0006378809,0.0003100865,0.00010298333,8.3332656e-05,9.7911274e-05,7.883209e-05,0.00080411084,0.010799936,0.042370588,0.7968105,0.9891158,0.99548125,0.57202184,0.012421042,0.0012624093,2.2263353e-05,3.0079422e-05,7.1509385e-05,0.00018416154,0.00029083996,0.00022996188,0.000400937,0.00060260907,0.0044831443,0.106081106,0.024341263,0.002453524,0.0003968691,0.00071968115,0.00033350792,0.00022859582,0.00010441228,3.6353624e-05,5.4429747e-05,0.004342221,0.15414453,0.41433132,0.99369335,0.99798346,0.98073477,0.6588509,0.20840347,0.010777403,6.1205e-05,4.7090405e-05,3.0185369e-05,5.502716e-05,0.00022729785,0.00029341035,0.0003768943,0.00041069015,0.0029079488,0.092760324,0.025105404,0.0026942664,0.00032724123,0.0005340862,0.00024770337,0.0005700573,0.00047858848,5.12686e-05,8.748289e-05,0.008372041,0.53579384,0.9383412,0.9994809,0.99320614,0.61186785,0.71342236,0.60748917,0.011959645,5.1579413e-05,5.7184105e-05,2.9752055e-05,5.379211e-05,0.00015362083,0.00031198224,0.00027049825,0.0001523234,0.0014433125,0.04939379,0.017195564,0.0017765099,0.00020686323,0.00039410777,0.00018495765,0.00040709536,0.00034120085,7.968539e-05,9.773991e-05,0.00519252,0.89953303,0.99565226,0.99755305,0.8026608,0.29366165,0.91672516,0.87946075,0.012350296,2.840901e-05,1.966863e-05,1.5419759e-05,2.6769154e-05,4.8951806e-05,0.00011367242,0.00010871877,4.9919574e-05,0.0006134061,0.036544476,0.017273307,0.0016034694,0.00017985591,0.00027873722,0.00014636386,0.0002810763,0.0004286773,0.00013856107,0.00040045532,0.033230983,0.97604656,0.99491477,0.91732836,0.1446218,0.2116369,0.9845477,0.98376715,0.033150252,2.6684967e-05,6.86409e-06,1.0428748e-05,8.9675144e-05,0.00020880961,0.00023165306,0.00018287472,6.523095e-05,0.000346456,0.017061504,0.011072443,0.0014144138,0.00021614965,0.00032434866,0.00018343006,0.0002266869,0.00026509986,3.8653583e-05,0.00031406677,0.045069814,0.96759707,0.9762773,0.4008204,0.36573336,0.8633356,0.9961266,0.98792666,0.019343995,3.4101806e-05,1.8106648e-05,1.7208813e-05,0.00013761251,0.0008827047,0.0011051454,0.00060579705,0.00015748762,0.00022167283,0.0076492573,0.0063122255,0.000770396,0.00012914644,0.0001726443,0.00020409435,0.00024741233,0.000105553096,1.50351125e-05,0.00013705883,0.036214594,0.98374754,0.9857795,0.8033369,0.972659,0.9927003,0.991043,0.9339062,0.01940771,0.000111081645,6.347308e-05,6.079919e-05,0.00025104842,0.0016441238,0.0038794666,0.002086137,0.000584957,0.00026918593,0.00502575,0.0065751104,0.0010304379,0.00014355947,0.00018687002,0.00033592625,0.001234073,0.00034756557,2.7436374e-05,0.000107946384,0.0139383925,0.9862303,0.9967006,0.9965551,0.99923015,0.9863846,0.48132527,0.16902797,0.0138374595,0.00042440507,0.0005091041,0.00042048682,0.00084063294,0.0021688156,0.002992486,0.002466651,0.0010830759,0.0003972739,0.003245072,0.0039391494,0.0008893094,0.00014955121,0.00013058502,0.0002459084,0.00079321343,0.00017401838,1.6187922e-05,1.5767624e-05,0.00045977178,0.6272452,0.94108516,0.9662712,0.95439553,0.15058255,0.0034931109,0.0043017627,0.0016878889,0.00054408517,0.002070876,0.00058053504,0.00022853371,0.00037167553,0.0008686594,0.0020857141,0.0015806924,0.00054412876,0.0032679571,0.0029253296,0.0009298105,0.00019321391,0.0001320746,0.0001677079,0.00019198774,0.00012046617,5.4464115e-05,1.9693463e-05,2.7373286e-05,0.0035583065,0.01136959,0.015239966,0.008327426,0.00012577127,0.00018176387,0.0038208012,0.001078674,0.000371681,0.00096422835,0.0003006307,9.558758e-05,0.00020407527,0.000916449,0.0016986995,0.001569041,0.001381762,0.0064265807,0.0022298587,0.0009945584,0.00027903076,0.00019159018,0.00012720026,0.00012532568,0.00014822112,0.00020581088,6.58703e-05,1.7347966e-05,9.314299e-05,0.00012082037,0.00011515661,0.00012594661,2.5916741e-05,0.00010637347,0.004838193,0.0039964137,0.00048155998,0.00027741402,0.00016503318,9.2604976e-05,0.0002052365,0.0007065157,0.0006786291,0.0005046399,0.0016687005,0.010432516,0.0028591754,0.00051198504,0.0003521634,0.00023430109,0.00016632448,0.0001468764,0.0002439761,0.0011492595,0.000597223,0.0003930529,0.00046003854,0.0004295179,0.00054678466,0.0007352354,0.0027889977,0.008766545,0.021420507,0.010979618,0.0014403323,0.00029164494,0.0002361356,0.00024070483,0.0005094944,0.0012453028,0.0010789976,0.0005911621,0.0016539539,0.013936891
13,0.011333058,0.0034238135,0.0027290909,0.0032781684,0.0047898362,0.0038881423,0.0030941926,0.0034419012,0.0026861452,0.0055317823,0.01210234,0.017796628,0.028609518,0.018405352,0.03672237,0.03213079,0.007916375,0.006979327,0.004754731,0.003848177,0.005956064,0.005898943,0.011458351,0.03509168,0.056553073,0.07108153,0.06363178,0.08104624,0.0047468757,0.0004566449,0.0003036026,0.0006470346,0.00092674716,0.00059242646,0.00047053638,0.00078339694,0.0007917224,0.0019547942,0.004169205,0.006444691,0.014046394,0.006238527,0.0071362583,0.001880746,0.00037766725,0.00075184857,0.00045227684,0.00058066536,0.0011978854,0.00071658875,0.0012948655,0.0019920547,0.002336205,0.004349469,0.006142043,0.016239678,0.0018865706,0.0002906667,0.00027470783,0.0005936674,0.00058621203,0.00038060555,0.0002738005,0.00046345562,0.0006371639,0.0010246593,0.0019279189,0.0017561626,0.0023383843,0.001051924,0.0005185562,0.00032210743,0.00017345068,0.00043290685,0.00044531692,0.0004436198,0.0004770613,0.00026280349,0.00045426915,0.00023742103,0.0004838073,0.0016738949,0.005600657,0.045787733,0.0017307963,0.000493641,0.00019897452,0.00020389535,0.00014642681,9.1763286e-05,5.5674493e-05,7.5731674e-05,0.00010441993,0.0001419412,0.00019607607,0.00024274354,0.00019888765,5.46125e-05,2.5246043e-05,3.4390603e-05,6.8707755e-05,6.292087e-05,8.7030574e-05,7.980866e-05,3.188357e-05,7.452104e-05,0.0002058564,0.0001145085,0.00039001802,0.0013115254,0.011713654,0.11920315,0.0030690196,0.0013445938,0.00069048355,0.00059162657,0.0003492689,0.00017485967,6.1805775e-05,3.5487148e-05,3.174616e-05,6.285078e-05,0.00024082742,0.00047534474,0.00039170036,0.000106905085,7.441537e-05,0.00012463899,0.0015697635,0.015400327,0.027100734,0.0007840766,1.2748728e-05,2.7128588e-05,4.8116362e-05,5.0255938e-05,0.00023209279,0.0010712245,0.022255287,0.29382637,0.002348299,0.0009300041,0.0007242716,0.00068222743,0.0004157951,0.00026468743,0.00011298662,2.8607283e-05,2.7324619e-05,0.00023750686,0.0034879628,0.0055659143,0.009292441,0.012870471,0.014345429,0.04700757,0.72262555,0.9793482,0.9377129,0.01859456,2.5655023e-05,2.1103806e-05,4.2275744e-05,0.000106081025,0.00037314426,0.00056951283,0.005569978,0.18185909,0.0016090868,0.00048706002,0.00025528108,0.00022087428,0.00016562211,0.00018688124,0.00026716676,4.9312952e-05,0.00011071036,0.007404331,0.09595219,0.20443322,0.7664109,0.96524316,0.99462116,0.9897844,0.99761057,0.9986817,0.9652184,0.08986655,0.00014696144,4.5187306e-05,0.0001120287,0.00054723956,0.0003714414,0.00016211596,0.00096252246,0.037507337,0.0012531803,0.00026550936,0.00015972616,0.00014293935,0.00012859004,0.00026248922,0.00078995555,0.00025628755,0.000620855,0.06643076,0.69178176,0.93607455,0.9969562,0.99930835,0.9989949,0.92991334,0.6964215,0.6491133,0.4407236,0.23217747,0.01649362,0.0027042518,0.00025626164,9.495835e-05,6.320635e-05,6.0455593e-05,0.0003233227,0.018970167,0.0010268581,0.0001662804,7.696997e-05,7.977191e-05,7.1419905e-05,0.00020153844,0.0019243777,0.0010491988,0.004299149,0.37500748,0.9496144,0.9747677,0.96200204,0.81309867,0.08288297,0.0004589687,0.00016030626,0.0007638165,0.031293288,0.7275031,0.9009807,0.18965468,0.00032422933,2.5296125e-05,1.6909511e-05,2.5249175e-05,0.00015453818,0.01147435,0.0015107399,0.00022989523,7.853316e-05,8.649692e-05,7.90835e-05,0.00026917591,0.002493769,0.0014138913,0.011869596,0.57277197,0.97997814,0.8856714,0.07753167,0.0067071184,0.0005940752,0.0002681733,0.0020178691,0.075170785,0.88170904,0.9674238,0.89371747,0.01825497,0.0001177254,0.00018147848,4.3070813e-05,3.3657947e-05,0.00017711306,0.01005778,0.0019069987,0.00031492938,8.531615e-05,0.00010610662,0.000105135514,0.0002106885,0.001480317,0.0013758988,0.0162463,0.59818286,0.99134254,0.9347144,0.033985127,0.006433541,0.009806834,0.17322847,0.877959,0.9854887,0.9980234,0.9787815,0.25496006,0.0016550898,5.396274e-05,6.85837e-05,7.453071e-05,0.00012632694,0.00047594935,0.021684792,0.0016791935,0.00030819673,7.564052e-05,9.0506146e-05,7.540861e-05,0.00014692164,0.00091183325,0.0010286057,0.0221973,0.67780036,0.99781394,0.9940352,0.55249226,0.28686762,0.63280743,0.97908014,0.99734807,0.9927584,0.96686345,0.7513501,0.040746607,0.0018312556,0.00012658509,0.00012622843,0.00029498918,0.00060442905,0.0024835805,0.042176336,0.0026446444,0.0005956139,0.00015198055,0.00019249032,0.00022209043,0.0004571571,0.0010928718,0.0005951707,0.023653423,0.861704,0.99942565,0.9990312,0.9854769,0.9810626,0.9842955,0.9978891,0.997382,0.94656,0.22984675,0.015457442,0.0005509631,9.467806e-05,0.00017352676,0.00085476134,0.001310061,0.0013297568,0.006241026,0.08259397,0.0032022628,0.0009094559,0.00030077202,0.0005275498,0.0008746323,0.0009614191,0.00074496906,0.00017751208,0.0031040423,0.62656146,0.99936,0.99947244,0.99662006,0.99605906,0.9959824,0.98926127,0.8464,0.34320387,0.008046593,0.0024228294,0.0005190641,0.00019194563,0.00029526016,0.00045431807,0.0010123603,0.002024309,0.020841178,0.18909468,0.0036251834,0.0011021406,0.00043520678,0.0004558781,0.0006600451,0.000882926,0.00036668463,8.956448e-05,0.000523464,0.10709252,0.9968798,0.9994456,0.9975788,0.99684334,0.9959661,0.91434383,0.112321645,0.004695882,0.00011099122,0.0006633103,0.0009655958,0.0005354712,0.0004144447,0.00031366458,0.0009924321,0.0021173612,0.0421585,0.4081139,0.005276251,0.0021441123,0.00070687593,0.0004180241,0.00042138202,0.00073071604,0.000491466,0.00013023322,0.0003692325,0.025860367,0.97735536,0.99975055,0.9997602,0.99910384,0.9977187,0.9504038,0.41251895,0.005930459,5.702857e-05,0.00054489507,0.0006210083,0.00038475744,0.00028296758,0.00024417415,0.0012587106,0.0029878023,0.038476396,0.34568372,0.007733251,0.002529424,0.00062798895,0.00019721717,0.00010865035,0.00032602306,0.0003938203,8.425797e-05,0.0002243154,0.010148387,0.9587972,0.9994492,0.9972887,0.95560646,0.94498795,0.9972362,0.9969464,0.08397401,0.00013094337,0.0003158835,0.0001728563,0.00026865106,0.00055259746,0.0011945759,0.007766414,0.019832382,0.044969574,0.17238401,0.011670769,0.0031668458,0.00046124126,0.00011733225,7.816312e-05,0.00037878178,0.001033746,0.0018990908,0.031004034,0.4384643,0.9863236,0.99100786,0.8069914,0.23762104,0.2718963,0.9971282,0.9997454,0.26065633,0.00016731753,5.1859457e-05,3.0413668e-05,0.00016355418,0.0010163549,0.005305769,0.02371888,0.010836839,0.006959319,0.06681707,0.013100213,0.0023922317,0.00023571,0.00011537953,9.2181544e-05,0.00028988294,0.0022820062,0.063042805,0.8615876,0.9646126,0.93319464,0.67878544,0.06340629,0.016672418,0.07854291,0.90744257,0.997433,0.70664215,0.0014922802,8.981944e-05,4.977407e-05,0.0002069224,0.0016321485,0.007276818,0.02280458,0.013951952,0.004588296,0.029067008,0.0106339175,0.0010152507,0.00010181055,7.424484e-05,6.491491e-05,0.00014138548,0.0028920826,0.35976663,0.9874205,0.99288625,0.7521684,0.067488946,0.00093918113,0.0022169666,0.10646206,0.6980612,0.9941683,0.9303202,0.012715457,0.00021459351,6.9189504e-05,0.00016705545,0.0011485826,0.0031020865,0.005621369,0.017300727,0.015117595,0.033683937,0.0068436833,0.00055218645,4.319051e-05,4.8378846e-05,5.0969968e-05,0.000103819955,0.006108148,0.6939726,0.9954999,0.9881969,0.43608764,0.05469553,0.005235719,0.05073271,0.6057512,0.9235512,0.9985891,0.98935145,0.058251478,0.00026639458,5.785129e-05,0.00018638847,0.00087541185,0.0010684085,0.0014899685,0.007324432,0.034068134,0.11482077,0.005623742,0.00046474655,5.2863477e-05,8.984891e-05,4.590675e-05,4.784197e-05,0.0016804633,0.21342956,0.99008965,0.9803033,0.2991788,0.21484995,0.23755369,0.62759334,0.91748947,0.98063594,0.99852836,0.98329365,0.061983097,0.0005818864,0.00017258176,0.0003244043,0.00039763574,0.0003011809,0.00038968725,0.0068162675,0.16780613,0.3266551,0.0037784837,0.00043890535,9.802235e-05,0.00018614215,9.157308e-05,3.5500856e-05,0.00030400782,0.016338198,0.9386161,0.99621993,0.98246574,0.91827244,0.8958484,0.97369736,0.99248534,0.9968219,0.9982651,0.9166207,0.007124265,0.00037496106,0.00023050189,0.0002792024,0.00014896429,0.000226978,0.00026063633,0.0017684769,0.1601225,0.4788941,0.0028840601,0.00042140734,8.196206e-05,9.941763e-05,6.885152e-05,6.820314e-05,0.00039646635,0.002950975,0.18097275,0.94079417,0.99834394,0.99660826,0.9923562,0.99630016,0.9948842,0.9862294,0.92977864,0.2582192,0.0019867662,0.00041945733,0.00016146463,0.00016486945,0.00010700565,0.00021824393,0.00035458352,0.0004143728,0.024031438,0.4223724,0.002742247,0.0006465017,0.0002383262,0.0002477194,0.0002029293,0.00025758025,0.0005249085,0.0005925673,0.0018279229,0.023072932,0.49165663,0.8190645,0.9076094,0.8491964,0.5917924,0.1240208,0.0035978565,0.0007777654,0.0011962497,0.0012733459,0.00047872876,0.000822783,0.00045769228,0.00029688998,0.00030498524,0.00015684066,0.0021976503,0.12352081,0.0016544531,0.00063831935,0.00054748217,0.0010250547,0.0011105071,0.0006761589,0.0003478379,0.00019383576,0.00025502808,0.00031509608,0.0011678049,0.00566029,0.015192588,0.003238973,0.001399058,0.0032176878,0.00035679032,0.00028192438,0.0012936248,0.00089001434,0.0005238144,0.0009280753,0.00060258346,0.00038698924,0.0004941671,0.00020511345,0.0017213926,0.10832442,0.0008039473,0.0002651231,0.000481686,0.001709963,0.00213742,0.0014892209,0.0004549311,0.00025548146,0.00027307315,0.00011796318,0.0001575232,0.0006611796,0.0007235097,0.00020141032,0.00014056187,0.0005404972,0.00044887047,0.00044261236,0.0009833848,0.00040861103,0.00054383837,0.0009361312,0.00051430345,0.0004942067,0.0004488193,0.0002816885,0.005616712,0.21126734,0.0020763187,0.00021949144,0.00043771978,0.0011997203,0.0016841607,0.0015702866,0.0008547756,0.00037056848,0.00025351674,0.00017144888,0.00028778956,0.0012535391,0.001246647,0.0007276765,0.00034986093,0.00031210334,0.00034204568,0.00040189593,0.0009065498,0.00079727184,0.0011226272,0.0015338588,0.0013927215,0.0013604952,0.000838857,0.000533583,0.0046140687,0.075201355
14,0.0086362995,0.0026776649,0.0018342476,0.002080935,0.0025605932,0.003764103,0.0034210454,0.0020552336,0.0013666631,0.0011425867,0.00095231377,0.0011900675,0.0024885186,0.0039714193,0.010630461,0.011497658,0.004949963,0.0038352644,0.0052204644,0.006021056,0.0097904885,0.008264705,0.008524077,0.027068159,0.026800722,0.033510398,0.035086755,0.04093956,0.0046863602,0.00081154413,0.00038790097,0.00040179252,0.0005127655,0.00066273217,0.00028584505,0.00019673655,0.00019802761,0.00019666903,0.00019561817,0.00015610467,0.00034623215,0.00032067776,0.000482587,0.00083369494,0.0005092575,0.0005601397,0.0006452113,0.0007917556,0.0025585785,0.0024543665,0.0023278776,0.0045078727,0.0026578496,0.0052013258,0.006481637,0.010200934,0.002991553,0.000597738,0.0005197912,0.0008218227,0.0007410435,0.00060836953,0.00019487184,0.00021801266,0.00029677933,0.00029551671,0.00022687264,0.00013148601,0.00015604305,0.00027460544,0.00031948733,0.0005011473,0.0007329206,0.00063449395,0.00036744642,0.00026890734,0.00040968697,0.00039530772,0.00069896836,0.0007167632,0.0006438344,0.0018466305,0.0138086565,0.08570788,0.0016056837,0.00039989108,0.00043419507,0.00047960322,0.00029691178,0.0001461254,6.32263e-05,6.48165e-05,5.6204146e-05,4.971719e-05,2.3237728e-05,1.7915716e-05,1.4388156e-05,5.035063e-05,0.00015445393,0.00021041287,0.00085171004,0.00037803952,7.311352e-05,4.817522e-05,1.8615869e-05,3.2204403e-05,0.00020363035,0.00037467948,0.00046870904,0.0012341882,0.032525185,0.23303097,0.0024129348,0.0007417055,0.0008661237,0.0007087127,0.00028473992,0.00013692219,6.885336e-05,8.307091e-05,0.00019993281,0.00017172458,9.618639e-05,6.6354994e-05,5.35123e-05,0.00013151285,0.0005621905,0.002989548,0.039821267,0.086165026,0.037416294,0.0016273988,1.606348e-05,7.3555484e-06,2.8110491e-05,6.347992e-05,7.622144e-05,0.00074434665,0.082693815,0.62976724,0.0028743655,0.000599761,0.00056172255,0.00045350438,0.00011523692,8.831723e-05,6.485718e-05,0.0001627583,0.0011323494,0.001446768,0.0035300325,0.00552782,0.0057694786,0.00933934,0.011304711,0.10898334,0.76348984,0.9655942,0.97276616,0.17496826,0.00037455844,1.41494575e-05,8.730353e-06,2.0822768e-05,4.208572e-05,0.0012120127,0.13890387,0.72637236,0.0025959117,0.0004257346,0.0002802361,0.0002867822,8.998704e-05,6.0958548e-05,8.7972105e-05,0.00013549469,0.00047789508,0.0021119255,0.018626431,0.1840718,0.5205631,0.59524155,0.4504624,0.4981149,0.8737517,0.9776375,0.9950689,0.95933485,0.3971372,0.021001704,0.00054227206,0.0003149465,0.00039399715,0.0014387093,0.07626318,0.62928534,0.0017094852,0.0002725831,0.00029004164,0.0004984195,0.0003149456,0.0001510693,8.176792e-05,7.367096e-05,0.00012632548,0.0005675207,0.005238499,0.0930661,0.7953502,0.8494825,0.28355613,0.053407613,0.06576843,0.36502644,0.9820759,0.9950199,0.9835222,0.84500307,0.010480795,0.0004045972,0.00018949939,0.00011036086,0.008686754,0.47237685,0.0015051729,0.00023798058,0.0007503565,0.008933098,0.016050482,0.0020617438,0.00011789492,1.1198162e-05,2.775707e-06,2.6095653e-05,0.0010005707,0.01882068,0.70152915,0.7472327,0.006647766,5.2909425e-05,4.2879958e-05,0.0026171533,0.6961212,0.98514766,0.9026843,0.1955805,0.0010043101,3.3626664e-05,2.3441698e-05,9.956658e-05,0.009283758,0.2102591,0.00091778114,0.00014747409,0.0012926913,0.0619074,0.36117882,0.03797121,0.00039219993,9.667686e-06,5.45638e-07,1.7894474e-05,0.0034494265,0.06811315,0.95654446,0.88748354,0.0011660414,5.605783e-06,1.5830392e-05,0.003816096,0.84562033,0.9784273,0.40221238,0.0056040357,0.00011783715,8.794779e-05,0.00019722489,0.0008857492,0.016926318,0.1299573,0.00097416487,0.00015330447,0.0010462642,0.031655323,0.27518752,0.037399795,0.00029585612,2.3890885e-05,2.0132773e-06,3.8328915e-05,0.009910596,0.2259424,0.9962214,0.99371743,0.006300345,9.59065e-05,0.0041842405,0.42981428,0.99215466,0.9706076,0.027274447,0.00046400557,3.6236255e-05,7.88979e-05,0.00022590303,0.0003159645,0.003237377,0.05181408,0.0019366135,0.00029020096,0.0010939247,0.01451966,0.08763204,0.013324802,0.00019604708,2.6312235e-05,4.033328e-06,7.149117e-05,0.024348788,0.56718695,0.99976665,0.9999553,0.6787782,0.030049518,0.5708555,0.93604076,0.97267646,0.6380371,0.004471873,0.0010191135,0.00017557624,9.77169e-05,6.7979054e-05,9.442578e-05,0.0011726728,0.024474831,0.0015733623,0.0002352576,0.0004979731,0.0016968643,0.0051995963,0.0018861191,0.00013191073,5.4615157e-05,1.0696437e-05,7.2839335e-05,0.010836129,0.26816007,0.9977703,0.9999552,0.99859864,0.98253125,0.983752,0.63077605,0.16028334,0.07458174,0.007661958,0.015738033,0.023699902,0.013313824,0.0013287872,0.00051767495,0.0012149464,0.0195209,0.0023057812,0.00050007744,0.00040566156,0.0004256518,0.000597447,0.00037550053,0.00017944924,0.0003521103,0.00016252582,0.00014537036,0.0018326987,0.017342407,0.6052066,0.9934999,0.998771,0.9922472,0.91959375,0.0763013,0.018463047,0.14886652,0.11043866,0.16370049,0.09045907,0.028814828,0.0017023343,0.0005543927,0.0016356666,0.021771068,0.0026083419,0.0007439262,0.0003478384,0.0001791909,0.00015017983,0.00022334608,0.00035722443,0.0008656584,0.0031691317,0.0034846826,0.0040012565,0.031926874,0.50569856,0.9686429,0.99886274,0.98364604,0.7944412,0.5830232,0.43279403,0.7650243,0.6471609,0.17434582,0.0072450317,0.0012818439,0.0005959021,0.00095859956,0.0037704362,0.038915932,0.001885139,0.0005403769,0.00022385755,7.574886e-05,3.5066834e-05,4.2497413e-05,0.00018529374,0.0021605047,0.030851094,0.14099577,0.31653073,0.9081602,0.9916334,0.99649787,0.9984079,0.8600296,0.502891,0.8193485,0.97063744,0.99019253,0.8883512,0.06599036,0.00048242352,0.00016947715,0.00043398567,0.0014163601,0.005271283,0.08440687,0.0021010393,0.0005673198,0.00020512518,4.557863e-05,1.1409966e-05,1.6874761e-05,0.0003312142,0.025703728,0.42018858,0.9567761,0.9970817,0.9981229,0.994779,0.9718775,0.8135245,0.035868153,0.0056373333,0.06425539,0.9331162,0.99423426,0.9821453,0.22642365,0.00024996194,0.00010778798,0.00024052543,0.0004032574,0.0023973875,0.046560146,0.0019798845,0.00041216938,9.093705e-05,1.4814501e-05,6.018909e-06,4.3543318e-05,0.0072797607,0.27939808,0.91265535,0.9973085,0.99392444,0.8259299,0.2762959,0.3404303,0.5241285,0.029839536,0.0011129715,0.005450823,0.3911372,0.9130551,0.9798824,0.36648133,0.00046343313,0.00017291383,0.00024075303,0.0002790422,0.0012785236,0.03171924,0.0017702989,0.00028705518,4.0514136e-05,7.9123865e-06,9.172235e-06,0.00037810946,0.14113171,0.8582639,0.99682885,0.99728656,0.52046067,0.010538952,0.0013090906,0.032841176,0.5102032,0.036142644,0.00035205192,0.0007405359,0.037052356,0.3487749,0.9584713,0.6976712,0.002963112,0.00037222993,0.0002147634,0.00017091222,0.0007205866,0.029554145,0.0016417156,0.00027025002,4.7941172e-05,1.1947561e-05,1.5876913e-05,0.00189922,0.5743668,0.9858381,0.99937457,0.990369,0.07649961,0.0007451113,7.3480405e-05,0.0028155192,0.3538286,0.049295317,0.0002484747,0.0010646005,0.041237548,0.36311302,0.98889345,0.9216718,0.009260809,0.00024090482,8.82796e-05,6.9540474e-05,0.00046024908,0.032702867,0.0010764176,0.00017717169,4.546983e-05,1.7102973e-05,3.6864512e-05,0.0027215015,0.5419087,0.9824051,0.99759406,0.86107045,0.005026241,0.00039685657,0.0007323927,0.036734514,0.8696043,0.7301543,0.006698286,0.0059344326,0.15104602,0.82547635,0.99632025,0.8632622,0.004377604,0.00020062485,8.289484e-05,5.733136e-05,0.0006007969,0.05214036,0.0010443302,0.00020934087,8.7494154e-05,5.470564e-05,6.939434e-05,0.000957715,0.15848304,0.9624001,0.9987943,0.939511,0.015161407,0.0040962743,0.035280153,0.32760006,0.95772433,0.941333,0.083047636,0.2747263,0.88547504,0.9756891,0.99599755,0.6848051,0.0031861418,0.00027008695,8.775737e-05,5.997097e-05,0.0006233622,0.040070012,0.0016259142,0.00041921847,0.00027879808,0.00021725857,0.00013167673,0.0002912512,0.021673279,0.7667267,0.998844,0.99857664,0.8972225,0.5131892,0.85937214,0.9187048,0.98068523,0.97151166,0.77943164,0.99195564,0.998026,0.9938168,0.97425395,0.41791472,0.002718197,0.00017631003,8.007342e-05,0.00010489168,0.00063467294,0.029496847,0.0019584668,0.0004894361,0.00031980642,0.00026589166,0.00016335532,0.0004889822,0.0045592403,0.081550606,0.9584161,0.9990085,0.9997632,0.99876106,0.9992256,0.9939659,0.9598712,0.9763159,0.97998637,0.99556017,0.98342955,0.7493547,0.25778928,0.02147539,0.00032337575,0.00012994307,9.535961e-05,9.866304e-05,0.00035708633,0.0185855,0.0042334166,0.0011393538,0.0006096323,0.00053970877,0.00025911452,0.00047021915,0.0008730348,0.0023574482,0.02276963,0.60220903,0.9833481,0.98717946,0.98071986,0.55583614,0.19219056,0.44572514,0.6407882,0.31490868,0.012080656,0.00090212724,0.001155946,0.00046754372,0.00012643563,0.00047065387,0.0003807756,0.00018515335,0.00028202168,0.011829513,0.004362788,0.0011948394,0.0006693897,0.00079060136,0.0004176332,0.00040596817,0.00018903486,0.00014322517,0.0002214472,0.0005390705,0.003366726,0.03045471,0.030020973,0.0042410977,0.0033226002,0.0015845418,0.0019375051,0.00078396266,4.6795176e-05,7.2859555e-05,0.00054015446,0.00041777137,0.0005665808,0.0017946024,0.001105304,0.0006494416,0.00074409135,0.013665946,0.0013344188,0.00025893867,0.0001595642,0.0003379256,0.000278023,0.0003772853,0.00014984683,0.00013930081,0.00017965693,7.2421695e-05,0.00020850978,0.003081027,0.002256009,0.00042040306,0.00013579671,3.056676e-05,3.1712516e-05,4.3885277e-05,2.127346e-05,6.649124e-05,0.00050596,0.00020372475,0.0005535893,0.0022442346,0.001852868,0.0019161354,0.0019650422,0.016137695,0.0049736537,0.000515432,0.00022537872,0.00034701664,0.00036315617,0.00032593758,0.00036310236,0.0003882571,0.00029393783,0.00016420566,0.0004082359,0.0024328886,0.0022370014,0.00073919806,0.0004233299,0.0005998836,0.00048326392,0.00064988807,0.0008801961,0.000981358,0.0009316804,0.00018664956,0.0006061705,0.0031672027,0.004955742,0.010985679,0.0075888103,0.012274905
15,0.0084518185,0.0039507174,0.003032733,0.0022560037,0.0021571172,0.0029711286,0.00232973,0.002072115,0.0023995119,0.0022001371,0.0024406489,0.0018672361,0.0012516899,0.0009432386,0.0006195977,0.0005634296,0.0005169664,0.00049685413,0.00093200273,0.001236879,0.0013046172,0.0016795939,0.004850296,0.011764942,0.019000743,0.029417759,0.040499065,0.059007805,0.0054665855,0.002044171,0.0005968986,0.00024251986,0.00021203591,0.00038097092,0.00027448163,0.00017470552,0.00017819415,0.00014601077,0.00021148572,0.00019062731,0.00017372443,0.00015055203,4.417765e-05,5.740834e-05,4.6628797e-05,3.1977575e-05,0.000116810465,0.00021717035,0.00031572697,0.0005880842,0.0016076426,0.0030416849,0.0050094407,0.005744538,0.0062533873,0.02053958,0.0021547547,0.00089608255,0.00028854815,0.00021134905,0.00020986148,0.00032108708,0.00022926809,0.00017251793,0.00013381103,0.00020557219,0.0004072692,0.0003853802,0.0010686946,0.0010172757,0.000111508605,0.00011359548,6.297982e-05,7.9406025e-05,0.00033076262,0.00044775422,0.0006257243,0.00029599492,0.00027069304,0.00038111184,0.00043698624,0.00055576034,0.0055858237,0.09707072,0.00077511364,0.00022627079,0.000105350075,0.00010359961,8.9476714e-05,0.000112401605,8.596449e-05,5.245902e-05,4.2135798e-05,8.942452e-05,0.00011588001,0.0001431449,0.0028796745,0.0016363233,0.00027930734,0.00031144018,2.8766692e-05,7.898304e-05,0.00034616512,0.00024780398,0.0003063716,2.8294562e-05,9.135308e-06,7.939012e-05,8.422592e-05,9.788645e-05,0.0040871617,0.09136586,0.000835076,0.0001931813,8.703232e-05,0.00011100107,0.000112130125,0.00015440503,0.00012326533,5.6805708e-05,6.02964e-05,0.00013282227,0.00035178353,0.0010597758,0.05024382,0.16870469,0.33818814,0.27640894,0.0011446027,0.0012051022,0.012921483,0.039199665,0.16097511,0.007993608,0.00029957521,0.000109372915,1.38345085e-05,4.6834328e-05,0.003505467,0.10708434,0.00086833996,0.00013041243,9.443812e-05,0.0002360667,0.0002480853,0.0002858249,0.0002673556,0.00010982733,0.00014464567,0.0016092554,0.044742182,0.13246575,0.65650666,0.96953994,0.98689216,0.7909964,0.0017978991,0.0020407361,0.12307357,0.79691833,0.99741745,0.9528165,0.006269608,2.6810847e-05,2.4167753e-06,3.1594787e-05,0.0022612638,0.11855537,0.0015394686,0.00023750457,0.00019954657,0.0003120486,0.00021511159,0.00036268894,0.0008474086,0.0004931571,0.0026630913,0.13160954,0.8273055,0.9127415,0.9696777,0.99198943,0.9773093,0.1934348,0.00018735226,0.000402618,0.064017154,0.82540864,0.9997701,0.99899155,0.06554193,0.0003103959,1.4650847e-05,3.6576424e-05,0.0016230752,0.11932673,0.0023620236,0.0010322625,0.0003822243,0.00014357714,6.934565e-05,0.000113775655,0.00052962813,0.0013146925,0.02234786,0.4403788,0.9167442,0.9521998,0.976441,0.9686432,0.86638254,0.067123875,0.00019216044,0.0010645991,0.045797095,0.5352985,0.99861884,0.9975746,0.21644787,0.0013260297,3.8472725e-05,7.5014286e-05,0.002876754,0.2901486,0.0029811491,0.0012707349,0.0003043268,3.562556e-05,6.731122e-06,9.6717895e-06,0.0001144622,0.0026989419,0.069503546,0.5173705,0.890645,0.93388426,0.981934,0.97354543,0.9662675,0.52983636,0.0008214856,0.00042788015,0.0025630533,0.0063458993,0.47608736,0.76120925,0.026135372,0.00059059303,7.4275995e-05,0.0002378166,0.014512517,0.52724373,0.0025845978,0.00070107146,0.00019670412,3.056737e-05,5.8587843e-06,1.22103975e-05,0.00026691143,0.007743393,0.13643833,0.62738997,0.94259024,0.97887886,0.99702966,0.9980544,0.9966118,0.8943016,0.010783072,0.0009673214,0.0017710734,0.004864815,0.14399427,0.4278265,0.06423915,0.006751452,0.001067763,0.0043654814,0.18013187,0.68178207,0.0019242121,0.0006087309,0.00016868845,4.4493605e-05,2.0072663e-05,4.0146493e-05,0.0012645592,0.015056829,0.074488886,0.2527472,0.68230176,0.92600185,0.99852294,0.9992913,0.9870194,0.42573538,0.0025465824,0.0009617484,0.01716051,0.36350188,0.9375361,0.86494905,0.29781902,0.036810756,0.008890549,0.05818829,0.25987932,0.3690293,0.0022890205,0.0005806936,0.00024613334,0.00013920561,6.5119326e-05,7.914793e-05,0.0027329167,0.025114428,0.08131535,0.42507213,0.7019891,0.868929,0.998654,0.99923694,0.9360144,0.14407313,0.0020687073,0.005329227,0.4247854,0.9029282,0.98939383,0.92304116,0.31739512,0.058974426,0.016244845,0.03154201,0.015279691,0.018802024,0.0016223243,0.0005494527,0.00043647396,0.00032522925,0.00017302498,0.000130657,0.0019026262,0.014513533,0.06787414,0.44976276,0.8383419,0.930042,0.99815124,0.99752456,0.7804254,0.12364178,0.0891304,0.8770865,0.9907313,0.95639235,0.9299892,0.42885655,0.0177555,0.005605093,0.004286162,0.0035702323,0.00048841943,0.0021574036,0.001264116,0.00052684534,0.0003895721,0.0002133128,0.00014382186,9.010992e-05,0.00061044795,0.002031102,0.008323596,0.24016437,0.78541785,0.9212816,0.997013,0.99616253,0.9259448,0.8196444,0.98293465,0.9975746,0.97266585,0.45035797,0.04124069,0.003602069,0.00030615056,0.00048860733,0.00087775465,0.00035148248,8.1984035e-05,0.0026482642,0.0014317838,0.00041632913,0.00029416013,0.00018933322,9.7294585e-05,8.278915e-05,0.00019510832,0.00018477046,0.0008650343,0.09911124,0.66878355,0.8400995,0.99600536,0.9975242,0.98990494,0.9893015,0.99856734,0.99689364,0.6593753,0.026384264,0.00035157765,4.1813015e-05,3.064954e-05,0.00023776878,0.0011762124,0.0008535941,0.00018355147,0.003313783,0.0012208824,0.00028153005,0.00018600146,0.00010661871,5.564509e-05,6.272001e-05,9.388904e-05,8.158021e-05,0.0002672172,0.020085407,0.22176594,0.60420656,0.995484,0.9994803,0.9994081,0.9943678,0.9850668,0.91946656,0.15344884,0.004234341,0.0001299831,3.709345e-05,3.7524416e-05,0.00024602003,0.0025453253,0.0029562705,0.00042458597,0.0029225186,0.0012027479,0.00026170854,0.00017115993,9.852812e-05,5.2330008e-05,6.7492605e-05,9.714051e-05,4.5207733e-05,0.00012279935,0.026835743,0.47264823,0.92129374,0.9991124,0.9991941,0.98685956,0.67065513,0.3635981,0.1905913,0.027630784,0.002727386,0.00038408977,0.0002835788,0.00026103397,0.00051710434,0.0027294725,0.0053756493,0.0022337353,0.013117234,0.001470331,0.0003313257,0.00016608264,9.359432e-05,5.6950965e-05,9.005297e-05,0.00011996133,8.545163e-05,0.00082004926,0.09373966,0.8909508,0.9900619,0.9964192,0.9059448,0.11395395,0.024305006,0.07715945,0.32196543,0.17408997,0.019175244,0.004709599,0.0053776745,0.0011135367,0.0003656667,0.0008152145,0.007880061,0.03209582,0.084943384,0.0017488926,0.0004424523,0.00015626104,0.000106351865,8.426866e-05,5.36478e-05,8.282514e-05,0.0008392119,0.03847223,0.5789467,0.99307984,0.9967475,0.8747811,0.06651085,0.0021532685,0.0036348659,0.05762739,0.48220295,0.54944086,0.09926003,0.011609547,0.0025416766,0.00042555583,0.00043122435,0.0010216419,0.005067107,0.07638229,0.23190933,0.0016424974,0.000343633,0.00012382421,9.178246e-05,6.7505476e-05,3.1413623e-05,0.00012972394,0.013527337,0.5708159,0.9427633,0.99546164,0.98546106,0.37024778,0.01334432,0.001528537,0.011685392,0.073244676,0.10688797,0.26658866,0.17516671,0.019703,0.0006809566,0.000108286695,0.00037083952,0.0010312716,0.0015811726,0.025286902,0.23372185,0.0019697563,0.0003644245,9.076084e-05,7.578072e-05,8.078454e-05,8.1973085e-05,0.000864163,0.08394499,0.8699823,0.9598717,0.9109161,0.21624364,0.002746956,0.00030581476,0.00052427745,0.019652234,0.11308411,0.15281552,0.6385286,0.8465162,0.40522414,0.007854154,0.00019917477,0.00018553543,0.00030946158,0.0002987797,0.0023733128,0.03832503,0.0025231973,0.00046148727,9.205365e-05,0.00010151021,0.00011382818,0.00013499973,0.0009192462,0.027151087,0.869974,0.96593785,0.6105742,0.02700134,0.000834186,0.00054236903,0.0012379416,0.016083982,0.15799944,0.70053244,0.97981757,0.9852459,0.8639977,0.06623429,0.00054106343,0.00011319691,0.00014214517,0.00015812638,0.0009508903,0.016526317,0.0020707953,0.00038417196,8.62773e-05,0.00012487976,0.000109477165,7.592206e-05,0.00036962624,0.0045061316,0.6228239,0.9726198,0.86826116,0.3381219,0.07645203,0.13382569,0.3569153,0.7536911,0.9574539,0.99233633,0.99861526,0.99810046,0.9739424,0.24499261,0.0006126089,9.976987e-05,0.00012236755,0.00013733945,0.0015279229,0.041716788,0.002083633,0.00040962175,9.688278e-05,0.00014750264,0.000101208854,0.00011976463,0.00055214996,0.0019209288,0.03684002,0.47206965,0.9555686,0.9868378,0.97639114,0.9813402,0.99521834,0.99386394,0.9978521,0.99828255,0.99576545,0.991458,0.7807387,0.025378393,0.00013931462,7.0789785e-05,9.030716e-05,0.0001233574,0.002464276,0.054259967,0.0028350842,0.00054562185,0.00013308584,0.00016078434,8.5860454e-05,0.00011322445,0.000153188,0.00010406417,0.00012590182,0.0004709404,0.090342045,0.95858705,0.9856226,0.99456054,0.9937518,0.95187134,0.933456,0.66870064,0.33529702,0.11781459,0.004240109,0.00047878534,0.000104908984,9.7725475e-05,0.00028475866,0.00076584856,0.014221449,0.17998284,0.002366008,0.0006140768,0.00018896043,0.00019244298,0.000109713976,0.00013047436,5.2921936e-05,2.6537218e-05,3.060888e-05,2.1644555e-05,0.000561513,0.053045865,0.15733628,0.109387435,0.047427405,0.019318653,0.0050262506,0.0010742361,0.0016430056,0.0023869902,0.00043190623,0.0003282461,0.00028756302,0.00014099301,0.00061313086,0.0022490069,0.03673388,0.30805185,0.0018333216,0.00045717103,0.00014360002,0.00016542879,0.00011960405,0.00016248832,6.298391e-05,6.2477404e-05,6.688253e-05,6.928028e-05,0.000318146,0.0024667121,0.002833393,0.00073475344,0.0003167436,0.00019358087,9.783717e-05,6.8704474e-05,0.00027273982,0.0006619002,0.0008083181,0.0007371342,0.00037205874,0.00013776666,0.0003855353,0.001535459,0.029987345,0.29107153,0.008235277,0.0011093472,0.00025852845,0.00024681343,0.00021653023,0.00021294135,0.0002278881,0.00027991433,0.0001575543,0.0002905944,0.0007544711,0.0013479859,0.0011211989,0.00096353824,0.0010969605,0.001582147,0.0014670884,0.0010817602,0.0029146634,0.00228472,0.0031533872,0.0020287829,0.00072988856,0.0003915809,0.0007331476,0.001604158,0.011183266,0.09110107
